47.9585
52.5367
47.0718
44.587
45.6687
41.3001
35.8997
31.1979
25.2152
26.4653
24.5755
21.8534
51.4625
49.8648
47.7135
47.2583
55.9942
47.7907
38.7067
48.8739
34.3629
26.6066
25.7669
21.5218
107.082
131.339
83.8971
68.1791
59.3302
57.3889
36.3878
29.7126
25.0747
23.6799
22.1515
22.7198
48.6924
51.9423
48.3082
42.376
45.1488
51.8194
29.4593
31.3544
30.7986
25.375
23.1448
23.1415
48.6182
59.7632
48.2822
48.0271
48.458
43.5011
41.2056
34.9079
40.3786
32.6646
37.0278
28.0497
47.4525
59.3608
63.1047
53.5765
60.3289
56.051
59.1259
41.9257
31.3333
34.7865
34.837
35.3425
41.4161
39.5943
42.3642
41.191
39.5766
40.616
61.069
54.9843
36.6626
41.6728
35.0649
31.8355
49.6204
50.7011
46.6045
45.7848
47.819
46.164
41.2617
32.4294
28.629
27.5305
23.3274
24.4451
53.3602
49.8896
58.7001
55.9663
57.6883
45.8358
44.8765
57.4847
38.5959
26.123
22.9014
17.691
118.344
131.939
107.572
99.3571
94.6042
114.647
29.9318
31.7978
28.4834
25.1375
23.2363
20.4085
42.0839
47.0377
47.2629
43.0917
39.3665
44.1558
36.4015
29.3768
28.0464
24.0669
24.3767
23.8145
45.4828
52.5109
44.7227
52.1121
53.7632
52.2067
105.654
102.388
114.595
117.561
127.108
118.521
170.328
170.314
169.294
170.866
171.14
171.409
155.7
126.27
96.2458
93.6788
82.1209
80.5506
167.694
170.771
165.079
167.215
166.412
165.328
135.795
118.168
94.5041
87.4475
96.4073
74.6959
157.153
162.803
164.478
101.754
155.28
157.001
131.409
100.136
90.9724
93.653
87.0454
79.6719
161.148
162.596
167.379
168.212
166.55
166.421
165.92
163.423
152.867
124.959
113.235
108.388
132.989
155.947
150.046
155.745
157.36
155.49
151.968
155.428
156.153
155.67
148.928
123.698
123.942
150.759
150.892
147.12
155.497
154.428
162.198
144.658
141.555
139.548
122.873
120.045
103.188
124.522
103.79
128.825
125.405
131.925
147.261
112.542
122.162
116.132
107.791
72.8433
32.9897
35.488
36.0403
34.6929
31.9165
34.7868
36.6649
30.0328
27.1147
21.2426
26.1456
24.8166
41.4161
39.5943
42.3642
41.191
39.5766
40.616
32.8692
28.7339
28.5922
22.4595
26.1973
24.0184
46.3471
47.2064
49.1284
46.8117
42.4833
46.7178
30.4752
22.6689
21.0623
20.8823
25.3899
23.3394
49.3677
50.2086
44.5588
45.4314
46.9843
41.3885
33.4465
34.2634
30.1648
25.3839
27.2992
24.2731
52.3172
54.3487
52.9936
46.7132
47.9572
40.6228
34.4255
27.4003
27.1652
26.8425
25.1002
22.5305
49.3153
56.2485
43.5251
55.207
46.6749
50.8853
42.2164
39.1287
34.1043
29.8368
29.2197
24.2582
37.731
52.2802
43.5051
42.4035
43.3001
42.7293
42.8467
44.2452
39.3364
42.0183
36.2021
35.0788
49.0437
53.9818
54.6297
61.9944
65.876
52.0275
66.8996
49.2763
35.248
33.061
27.6474
27.2731
37.5064
44.2647
38.783
52.33
50.0916
47.4508
63.4764
58.8996
37.0212
36.2421
34.8469
33.6242
50.3016
48.0181
51.04
42.6318
49.2329
42.2369
35.597
31.2412
25.5446
23.6018
23.7709
21.7973
123.1
117.258
120.926
128.957
137.831
124.97
100.09
118.329
113.583
68.077
90.458
67.2693
132.262
141.593
133.566
140.721
137.828
144.026
97.6488
112.193
119.404
73.454
63.2561
52.9286
104.063
111.234
117.125
123.247
122.791
117.96
92.7672
113.542
106.221
69.5478
81.1834
74.6417
107.226
108.476
114.656
118.764
110.134
110.302
113.166
101.482
119.142
80.9058
83.3911
87.6156
114.793
120.177
115.019
124.769
110.925
109.563
113.769
108.189
130.003
79.5951
86.7505
95.3422
96.7882
109.748
102.77
92.3078
89.4425
102.919
92.0552
92.4641
97.3983
74.2854
73.0431
61.3849
101.696
98.665
101.721
104.931
100.155
96.6848
100.638
110.626
90.8462
64.9229
67.0415
60.9569
123.234
98.0626
117.65
125.369
130.425
110.223
108.733
118.25
111.116
56.4513
83.2181
58.3444
122.018
114.659
123.601
125.243
101.354
93.5358
97.0001
130.445
119.372
76.4646
82.8908
61.2852
102.783
106.269
119.24
103.468
112.88
103.204
85.4794
112.344
108.808
71.559
70.3231
62.1636
98.7374
103.137
115.68
104.3
112.227
95.0205
100.538
94.088
124.42
71.7698
65.5683
73.1451
120.145
116.786
129.341
128.79
119.392
110.26
94.8936
98.0138
103.714
31.693
38.5548
48.0377
16.358
18.0375
18.3965
20.9427
21.346
15.4994
17.3799
17.4551
14.9773
16.2594
16.7558
16.7467
18.7445
17.8927
14.1474
19.5134
17.0438
15.2077
14.9081
20.2016
18.5152
18.0068
17.1957
15.3685
19.137
21.7578
20.6073
18.8672
19.7867
21.4238
16.6626
18.3316
16.1855
16.0455
17.6091
17.0077
24.2796
21.6769
23.966
24.4573
20.7629
22.9339
16.523
19.5896
18.3506
17.9128
18.3599
17.164
18.928
21.9509
22.9694
19.9135
25.3758
24.4388
17.1987
18.8563
20.1357
18.086
20.6323
16.9318
20.6779
20.9152
19.1936
20.9047
24.3764
20.7653
17.5623
18.6873
20.7625
19.02
18.5684
19.0846
34.6669
34.2213
33.9881
33.3336
35.4196
31.8821
22.5727
26.0183
26.5113
20.739
20.1851
18.0035
100.409
113.259
99.0921
100.813
89.6822
124.025
91.9211
103.708
98.4715
76.6589
72.2152
60.8124
109.251
118.301
106.834
123.428
97.9511
84.414
119.477
115.476
107.38
67.3182
77.0945
56.8295
120.205
117.733
114.168
133.237
129.075
114.411
108.733
118.25
111.116
56.4513
83.2181
58.3444
125.545
115.685
125.053
126.091
113.693
108.206
82.7056
96.8525
106.196
66.7141
76.8656
56.6582
113.531
110.272
115.316
119.749
118.649
109.174
92.8707
125.635
118.635
64.7513
81.4357
66.8867
111.205
112.732
125.725
122.93
105.334
113.97
112.518
94.7043
116.641
58.8737
71.1516
72.4485
110.675
111.491
129.456
130.612
116.871
137.741
118.465
116.095
130.979
81.8958
80.9307
84.3065
83.2387
108.442
111.591
106.505
99.3211
119.25
88.6305
92.201
91.2847
69.7623
68.0816
57.8093
57.8766
75.7334
67.0659
96.1895
104.245
96.6516
101.089
123.537
97.2285
72.0744
78.9193
58.85
131.714
135.823
135.914
143.496
126.952
130.792
110.286
122.999
118.136
52.353
83.0657
51.8627
126.011
122.91
104.9
108.364
92.4364
86.4303
83.7946
70.5981
49.7254
55.2875
48.0055
43.3218
116.986
111.982
108.313
106.165
101.387
89.8218
80.5159
69.9319
73.9444
60.9185
57.3347
45.2453
50.6097
48.6633
62.0623
89.5241
86.701
73.1857
82.4226
76.2254
74.7263
54.9206
63.8953
45.5925
111.435
112.832
106.861
99.5562
89.0925
71.4589
77.7988
73.4714
67.7401
77.7989
60.5076
47.2169
112.171
114.477
117.072
95.4701
96.3084
79.4801
101.553
96.8782
82.2129
72.672
68.8147
73.3637
85.0984
94.7096
93.1492
92.9206
100.097
95.176
70.0511
83.805
73.9753
31.9646
16.7755
81.919
84.8208
94.0133
75.2395
97.7871
85.9022
77.4072
76.8123
54.9441
62.3055
54.6313
38.931
124.006
126.407
119.225
125.331
108.244
85.1829
76.8518
66.5807
57.4312
54.429
46.2993
43.6488
124.467
115.571
125.8
110.522
92.2812
91.3922
87.8945
38.6244
58.0158
47.5326
50.4288
47.847
38.4251
40.5824
35.7868
39.8926
30.9635
26.3746
64.6829
74.3607
64.8456
44.181
50.95
43.3245
106.05
102.51
108.319
107.735
100.906
77.2795
75.3053
68.6043
67.1282
62.9395
61.8751
50.4446
113.628
115.422
116.434
96.7077
96.0186
79.4685
128.875
130.039
71.6014
32.429
40.3176
33.0086
19.4483
18.9882
16.6957
17.1916
16.4989
15.3447
16.1583
15.9121
14.1168
14.1391
14.2003
13.772
26.6858
29.4467
24.431
26.3475
26.4696
15.4008
15.3178
12.8515
13.4368
12.5279
12.279
16.9276
16.5741
16.1656
12.8195
14.2981
14.5185
13.1425
14.774
13.5932
14.8718
15.3263
15.7929
15.4118
14.9569
15.6802
20.3379
16.2994
15.6608
14.3761
15.715
14.8534
17.1912
18.0028
16.751
14.0772
16.0495
15.2392
22.45
19.6384
17.3525
15.3166
16.8796
13.6398
16.5062
16.4708
22.4483
21.7529
17.1013
16.2194
19.6509
16.5707
16.1449
17.4316
15.3485
14.937
22.7781
24.3513
22.2512
19.9008
17.3574
16.7817
17.6565
18.1426
16.447
15.348
14.1522
14.0015
106.775
102.229
96.2785
91.9843
104.127
86.4713
59.0732
54.4337
54.7855
41.4183
43.4082
34.9054
122.741
114.987
109.034
103.804
100.848
81.3294
70.5652
75.152
62.019
62.262
49.2667
44.2257
127.214
123.239
115.525
120.037
98.722
96.1936
84.7929
62.814
48.9434
52.4206
47.865
39.6038
122.004
111.867
123.687
108.73
92.115
74.362
88.1111
59.8239
70.1791
50.6399
52.8229
44.5127
126.868
125.197
113.12
100.763
102.754
94.2709
80.501
78.2604
70.3131
59.0862
60.2906
48.0297
120.079
121.846
121.636
123.034
105.332
85.4909
76.1545
72.5924
71.8516
70.3662
57.2922
45.7874
109.489
120.028
125.717
109.144
109.671
83.3839
88.2638
96.0771
72.2713
60.6882
76.2065
61.0742
103.569
109.117
100.129
103.289
116.968
94.5484
70.8616
81.1796
61.3081
38.3558
35.4863
26.3975
84.4396
93.5623
95.9652
89.1382
102.333
85.3999
73.2618
66.6679
59.9686
49.0318
49.7159
35.7745
127.82
126.846
113.881
118.265
104.155
91.3435
83.2135
77.1186
56.2102
53.8413
47.4918
46.2203
142.78
144.524
133.941
141.581
138.94
133.73
113.813
119.818
101.475
84.971
73.8095
59.7816
138.392
141.331
142.632
134.827
132.037
133.771
122.346
118.4
104.545
91.2536
89.9177
64.065
128.246
139.231
129.822
132.078
122.682
126.988
122.438
121.503
102.203
94.3853
80.0873
56.3379
145.006
140.639
149.916
138.5
128.346
115.175
128.828
124.543
115.983
86.693
79.7566
68.4542
140.26
137.891
141.017
145.743
140.1
130.763
133.444
122.457
131.723
110.603
124.352
78.4575
120.978
127.334
127.365
121.867
117.123
129.82
136.64
126.184
113.15
96.3129
95.719
93.3148
112.846
103.4
120.635
103.617
122.571
109.995
121.57
115.486
114.542
95.9033
89.5561
80.5601
142.692
144.383
136.714
133.126
138.608
119.605
119.147
111.246
104.995
92.5508
87.4733
65.8986
149.004
133.999
150.644
138.247
125.166
123.387
130.067
129.816
109.896
90.9701
78.0405
78.2972
136.96
141.73
144.547
139.861
130.256
131.361
120.107
120.382
116.519
82.9867
71.5209
61.431
139.607
136.061
136.847
129.606
117.105
111.151
111.731
112.158
96.4034
54.371
42.3354
40.7378
140.324
146.143
122.184
146.757
136.336
115.757
157.603
153.998
137.476
134.057
132.828
118.921
117.693
134.345
138.093
146.943
153.962
125.517
85.4905
95.4832
89.2894
92.1261
79.8576
74.777
125.452
137.904
139.249
148.068
143.672
125.007
98.6267
97.981
102.479
79.1338
69.9733
62.7989
134.996
134.71
140.133
164.665
152.036
155.4
96.5932
95.7095
89.3221
81.1229
78.1673
67.8238
126.008
134.061
147.926
151.691
143.184
112.523
133.472
112.378
110.567
112.71
95.8658
93.3646
141.933
140.9
145.459
141.751
153.816
109.977
133.586
127.764
111.062
112.421
100.023
103.187
131.579
138.531
131.467
137.414
149.216
149.326
103.361
103.719
98.2447
78.4726
71.0103
70.8837
135.66
133.12
127.407
135.95
131.482
128.976
141.352
113.471
126.322
88.2026
86.727
78.8111
131.056
130.582
136.769
137.11
127.423
126.927
104.537
109.38
99.3815
82.1865
67.8434
61.8698
126.504
142.927
139.518
134.758
130.547
103.239
114.244
111.839
109.107
92.6475
76.6482
68.1346
142.692
144.383
136.714
133.126
138.608
119.605
115.219
121.564
95.7866
78.6731
83.5859
62.3137
142.142
130.554
147.213
134.519
122.034
123.936
120.656
119.335
110.048
103.366
86.3604
63.9115
136.636
135.488
136.369
136.776
115.439
119.881
119.128
128.34
105.45
93.2295
91.4841
52.24
142.281
140.38
141.691
135.169
130.804
126.266
120.219
123.8
114.072
86.9387
69.8714
66.0368
140.26
137.891
141.017
145.743
140.1
130.763
137.448
124.41
124.256
90.9723
91.9101
64.6696
110.762
112.13
126.224
121.198
117.784
118.28
114.336
120.207
101.556
85.8415
69.1056
63.136
95.3107
106.876
108.996
106.961
101.198
95.7767
121.891
117.387
119.064
95.7813
91.3954
78.5233
148.408
148.561
145.458
133.927
139.124
124.552
130.144
125.683
112.378
91.9612
90.2787
65.0207
122.836
144.231
148.188
130.23
127.448
113.237
91.7462
91.1524
91.1807
66.8249
75.5712
77.6181
140.275
161.817
161.488
160.663
166.293
141.969
89.5251
88.7636
109.862
87.8733
83.3815
84.828
123.187
120.98
133.568
127.284
103.011
90.1706
84.2894
90.7957
93.0858
67.7854
68.2049
66.0588
118.547
121.794
132.056
114.502
114.309
102.793
82.9945
94.2781
98.1579
63.2429
63.0775
83.7595
122.295
130.653
140.063
131.057
129.436
111.969
96.7111
116.284
119.602
93.0634
71.5573
62.4105
122.713
115.808
119.227
118.473
124.055
120.735
91.8159
92.9207
89.2696
64.1828
72.164
70.4935
111.382
112.948
117.339
120.952
126.419
104.399
105.369
100.352
86.7265
68.1208
97.6853
68.6154
130.028
144.951
141.735
141.76
124.002
113.022
86.3102
89.3152
83.6886
80.1035
63.7871
75.3749
105.664
125.944
143.12
120.717
139.146
104.38
80.2856
79.6252
96.3832
80.6829
78.5771
78.3213
111.78
126.638
131.614
133.418
111.052
88.978
85.1925
77.9071
77.46
67.9286
60.6201
59.7974
107.339
107.308
118.024
121.504
113.498
118.991
91.8509
100.117
104.733
73.5506
67.5206
69.6307
117.934
125.572
138.214
120.929
122.571
115.597
86.9886
107.687
120.6
49.1562
54.861
39.0927
21.0994
17.4555
20.9544
21.3126
19.2084
20.5695
16.1115
16.5595
14.2819
16.0114
15.263
14.4872
18.7633
18.1684
16.0837
23.2825
21.4982
16.3184
14.9178
17.5896
14.6161
14.9558
17.7572
13.6965
21.5715
21.3874
23.9367
21.4287
22.4893
20.694
17.2191
15.8152
14.0916
17.215
20.492
15.903
20.7968
23.9827
32.1752
25.1305
25.1975
23.5654
15.9252
15.449
18.0845
17.8688
17.2554
14.7168
23.1379
24.3393
25.6927
28.2972
27.988
20.3956
15.2343
17.0293
16.5891
16.6839
16.1076
16.3046
23.455
21.6729
25.911
26.8257
21.4586
24.8483
17.8882
17.436
16.7719
17.1001
17.3202
14.5732
37.8859
45.1049
40.709
43.8809
43.5973
36.9356
23.4332
24.7674
26.592
20.906
20.8776
18.8285
126.182
122.811
127.969
122.103
126.559
117.578
91.5667
91.347
89.1828
70.2343
72.6751
72.3837
113.003
112.841
111.692
112.482
105.08
95.3132
88.677
96.3972
92.9824
74.5905
86.3244
77.4348
124.535
115.603
132.032
122.206
118.683
101.944
83.5425
95.2957
110.894
67.247
68.6288
70.7618
110.383
118.464
136.21
121.92
133.391
98.734
96.8705
88.8687
107.788
80.6663
75.7564
74.8106
117.168
118.079
129.074
122.039
116.166
104.086
97.6353
94.916
90.6262
86.8887
61.0378
89.0384
117.085
116.579
132.74
114.37
115.31
101.688
89.5324
97.069
101.969
74.585
74.6052
73.0503
105.818
130.105
135.065
123.365
116.988
107.842
103.1
108.135
122.59
91.0211
62.5397
44.6139
93.322
96.0178
121.377
94.738
102.6
107.564
97.2935
88.5517
87.6857
87.4729
83.0067
79.6971
96.066
93.7938
95.4235
106.74
98.5248
94.5006
97.8926
101.795
95.176
80.5749
105.577
77.5967
123.425
138.411
143.357
127.299
131.331
108.895
83.159
86.8201
86.0045
75.2834
81.7462
77.0474
