79.6443
51.0275
62.5736
83.383
109.396
84.4297
52.1782
71.7898
78.7409
97.5379
69.2125
43.336
57.4376
82.4839
105.236
80.4494
39.7675
56.0478
80.1623
99.4742
72.1858
31.9463
59.3837
73.9192
100.967
80.5703
44.1165
78.1771
77.3687
99.5748
74.7147
38.2372
51.739
51.5644
70.9262
81.5004
42.3343
65.3852
60.9304
76.5453
93.2834
38.2985
59.5453
77.561
67.7928
68.1387
28.4071
51.6256
54.7648
74.3388
67.5875
27.4812
49.7261
56.9836
80.555
63.4883
24.2518
41.1631
47.4137
51.7346
72.3073
40.5521
83.9504
87.9812
100.704
77.835
48.5191
84.3069
88.7087
102.149
72.3771
38.835
82.823
91.5633
104.887
79.4228
43.6848
86.3568
89.18
105.395
70.3127
41.8059
78.306
82.4956
128.667
110.262
77.2413
125.367
114.952
119.367
101.72
63.2213
92.497
83.0725
95.519
86.9823
61.1537
85.4849
99.3827
115.375
111.078
52.4011
77.071
82.6555
105.167
69.9048
39.7901
50.5213
78.2389
97.942
86.4302
60.1326
66.3969
73.2415
78.273
79.9241
58.1073
54.1789
62.0044
54.0297
105.227
74.888
106.695
120.18
116.865
99.5595
77.8561
96.3233
122.503
106.644
88.2396
58.1437
82.323
95.1353
117.459
88.9081
65.5327
81.8789
104.935
116.691
96.5541
59.6612
99.1148
96.3444
104.05
78.058
56.7114
100.783
100.328
97.8718
110.359
62.9832
86.6767
82.0062
108.342
84.9472
65.3775
88.945
90.51
123.948
126.203
61.8765
81.237
99.8695
119.845
75.3106
47.2349
59.563
89.1501
77.0032
96.7248
55.4869
67.4146
72.1804
65.0764
52.1529
40.3534
51.6575
62.1946
56.8234
112.345
73.102
108.903
106.553
123.214
96.0898
54.484
77.1647
99.5387
106.17
85.9932
47.9863
105.954
117.072
122.054
114.939
64.6087
84.7593
100.551
110.756
94.357
50.4569
78.3114
93.4543
121.283
105.913
83.3594
107.611
103.648
103.475
107.375
65.064
85.1337
76.58
111.23
90.9544
53.3072
82.1808
95.5025
102.057
108.428
58.9347
67.7129
91.1009
98.5437
66.2067
55.8016
55.9895
65.2268
86.7759
70.4665
54.8242
59.2701
74.9382
90.9445
68.6829
47.1939
51.3753
62.8384
79.9296
122.934
78.9646
102.929
114.992
112.216
95.4412
60.1111
77.3249
88.4832
91.89
88.0752
47.108
122.491
125.678
140.512
131.297
82.4018
113.226
114.406
115.207
111.848
60.1382
79.2784
88.993
126.757
125.336
87.3194
111.82
113.644
117.25
94.2763
79.8096
80.1829
85.084
93.4513
76.4778
85.0905
96.1069
112.563
116.759
104.47
66.7628
89.1121
90.6791
110.565
76.408
46.773
53.2417
102.645
105.556
100.597
93.419
87.9691
88.4187
95.6346
85.9068
65.2116
60.8521
61.8069
54.4193
104.736
62.1153
99.7497
87.8607
89.209
111.304
65.1356
97.3336
85.022
86.8163
88.7532
48.2602
90.8265
93.1948
91.4978
98.6258
56.3871
82.7673
112.296
92.0932
101.044
57.6746
88.2227
86.6972
124.09
131.093
94.4214
112.017
125.574
100.616
120.656
73.7434
75.3025
89.3439
104.561
103.055
83.0757
89.957
110.687
121.391
121.93
67.368
75.5224
86.2227
98.6912
79.1697
54.8761
59.6173
94.3563
88.8303
99.4347
79.6782
72.9443
89.8215
72.1438
68.0354
47.956
57.4929
67.4395
74.5999
133.512
72.0277
137.958
121.441
131.418
114.997
58.1708
101.646
100.145
115.447
94.0111
68.5996
116.39
126.341
129.238
126.841
67.5426
119.081
97.647
126.175
117.318
52.9901
99.9729
95.9518
130.777
107.37
64.0957
140.738
104.871
124.344
92.0459
59.0706
81.9732
78.4262
99.5012
88.4944
51.5846
83.9275
72.0901
99.5012
100.172
50.3184
73.5884
74.5665
93.077
81.7794
48.9965
73.4807
98.6095
123.202
106.662
72.9001
84.6068
83.5004
70.7038
70.6731
43.5175
58.6336
64.1073
66.757
