46.000
53.600
41.400
49.000
48.800
45.100
36.400
35.300
30.000
28.000
26.700
20.800
52.100
52.900
50.500
52.400
62.300
55.400
40.500
45.800
36.700
26.400
25.800
22.100
120.200
121.000
96.700
58.800
53.000
58.700
45.400
35.200
22.300
23.100
20.500
23.500
48.400
51.900
51.200
47.400
51.500
57.400
32.900
33.000
33.800
24.100
23.200
23.900
50.700
64.300
50.900
43.600
52.800
48.900
45.300
38.400
39.700
36.300
41.000
35.400
43.200
56.800
63.900
51.900
63.500
63.700
64.600
53.200
40.400
40.000
38.500
44.100
41.117
39.683
42.600
42.900
42.199
45.842
66.500
50.800
39.600
50.300
36.100
37.500
49.000
51.400
46.700
49.300
50.700
48.400
46.000
40.900
29.600
27.800
25.700
24.500
54.100
46.500
56.000
56.600
59.700
51.800
53.200
63.300
49.300
25.600
21.400
14.600
120.700
120.600
107.200
107.600
114.900
118.700
39.300
38.800
39.100
25.300
22.100
18.100
43.300
44.400
48.400
45.700
45.200
49.400
33.300
30.600
32.200
23.800
25.500
24.500
48.200
52.000
47.400
53.100
57.200
55.000
96.000
102.800
128.200
136.400
153.900
143.100
220.900
206.400
209.900
251.700
250.900
240.300
163.700
135.300
109.700
99.700
88.800
99.500
219.500
233.100
261.000
267.000
265.100
216.900
143.900
127.700
109.200
98.900
109.200
74.900
167.800
190.800
194.900
121.700
185.400
187.600
128.300
113.200
113.100
92.000
88.100
84.100
162.400
194.100
210.600
196.500
214.000
224.400
188.100
190.800
186.400
130.600
121.000
120.100
151.000
186.400
183.800
171.200
187.500
163.800
171.400
173.700
195.600
177.300
175.000
131.200
125.600
141.600
169.000
158.900
181.000
174.300
182.800
157.500
153.500
151.600
135.400
144.800
110.700
120.700
116.400
145.100
142.100
140.700
175.500
132.800
137.400
95.900
94.500
83.600
32.900
39.700
35.500
34.900
33.300
36.000
36.100
24.700
26.400
23.900
29.600
22.300
41.117
39.683
42.600
42.900
42.199
45.842
34.100
29.500
31.500
23.800
28.300
24.300
46.900
49.500
55.300
48.900
44.000
54.600
35.900
25.100
22.500
20.400
26.500
19.700
49.600
48.100
42.700
45.200
48.700
45.600
35.600
30.800
25.900
26.800
30.300
24.900
45.000
46.600
49.500
45.500
50.400
42.700
41.900
33.600
30.300
27.300
24.600
20.500
52.000
56.500
45.700
54.000
46.900
52.400
52.000
45.800
38.800
33.400
31.900
22.500
39.700
56.000
49.000
45.100
47.200
45.800
53.200
48.600
38.200
34.700
29.900
38.400
45.300
50.300
61.000
68.200
71.400
58.700
67.500
50.800
33.100
32.300
30.200
30.700
36.850
40.650
39.400
48.900
47.300
46.700
69.300
54.800
37.900
43.800
37.600
39.400
49.200
48.800
53.900
47.100
51.400
47.100
40.100
34.200
26.200
23.800
26.100
16.600
121.400
110.700
118.200
118.700
131.500
131.000
99.200
117.000
114.800
73.400
93.500
65.600
137.600
142.000
132.400
148.200
139.200
152.600
103.500
109.000
117.600
71.300
67.300
56.900
102.000
107.100
118.600
134.500
127.000
114.500
95.100
109.900
100.500
66.300
81.300
72.400
102.800
101.000
118.700
120.800
111.600
109.900
110.300
105.300
117.400
81.700
80.400
84.900
111.700
125.900
117.100
126.400
113.500
101.300
117.700
115.100
133.200
89.600
94.900
88.000
96.000
106.200
99.600
83.900
86.900
87.700
92.900
90.700
101.000
75.800
70.700
59.800
93.700
100.600
103.300
107.200
102.900
96.600
107.500
111.200
96.900
74.600
73.900
61.000
121.400
104.700
117.400
117.800
123.000
107.700
104.580
118.400
104.933
62.700
80.650
59.558
121.800
116.500
119.700
125.100
93.900
77.400
95.800
126.700
113.400
80.500
86.200
64.200
100.600
102.700
116.400
107.600
110.000
103.300
90.000
104.900
99.600
75.000
68.500
64.000
98.500
100.700
113.300
106.000
100.500
90.100
98.100
101.700
127.100
68.500
72.500
83.400
118.800
116.900
130.700
130.700
126.400
97.800
77.000
82.100
87.400
27.800
45.700
49.200
8.900
13.700
14.700
16.900
17.600
11.400
9.900
9.200
4.000
8.400
6.800
9.600
14.200
12.800
9.000
14.200
9.000
7.700
10.100
18.000
16.200
13.200
10.700
10.200
16.300
19.000
16.100
16.300
16.500
19.200
11.200
13.500
12.300
9.300
9.400
9.800
23.100
22.300
21.400
22.600
22.200
23.900
12.100
16.500
14.000
13.800
12.800
11.300
16.500
22.900
22.800
22.000
26.200
26.700
11.300
15.500
15.900
14.600
14.600
10.100
21.600
21.400
16.700
22.200
26.100
23.100
13.000
15.400
17.400
13.800
11.800
14.200
22.100
19.300
19.800
21.300
27.000
25.000
15.100
19.700
16.900
16.000
15.100
11.200
94.300
106.300
88.000
101.100
94.700
117.100
91.800
104.200
102.100
78.800
71.100
65.400
117.000
120.200
100.600
122.600
86.600
81.000
119.800
110.000
103.200
60.100
74.000
60.000
122.200
112.900
105.900
131.900
121.900
107.800
104.580
118.400
104.933
62.700
80.650
59.558
126.200
113.200
119.100
125.800
107.700
108.000
77.200
96.400
100.000
71.000
81.700
59.400
110.800
108.400
110.000
122.400
120.000
109.300
103.500
131.100
130.800
50.600
80.500
72.500
107.700
112.300
120.500
118.600
103.900
112.900
111.100
97.500
113.900
57.500
72.300
75.900
107.900
112.600
116.200
125.600
115.100
130.600
121.400
126.900
134.700
86.800
86.900
77.300
91.400
105.900
115.700
110.400
105.100
118.400
89.600
92.400
95.500
73.600
67.400
60.600
62.300
72.300
80.800
98.300
108.000
108.000
111.600
128.000
111.600
70.100
76.000
62.500
134.900
141.100
130.300
152.200
125.600
120.600
110.100
123.700
125.867
53.150
80.700
52.833
124.500
118.600
101.800
89.300
74.800
71.900
84.200
80.700
60.900
59.000
54.100
48.000
113.100
111.000
111.600
108.700
92.300
83.200
88.000
80.800
78.000
68.200
60.300
49.400
59.600
56.800
79.600
100.800
94.400
83.800
87.500
85.200
81.300
61.200
66.000
55.900
107.300
108.700
107.400
95.600
82.600
71.500
72.500
74.500
69.100
83.000
66.000
55.000
113.400
106.000
114.600
91.800
91.800
79.600
91.200
91.900
94.400
80.100
73.400
80.000
82.100
98.200
87.700
93.900
101.500
99.300
74.300
84.800
77.000
35.800
11.800
71.100
76.200
84.800
81.100
104.000
92.600
79.500
71.300
59.400
64.900
59.100
42.400
121.800
128.000
120.700
130.900
112.900
87.400
70.200
69.900
66.000
61.000
53.300
51.400
127.600
115.600
117.700
110.000
96.600
89.000
85.800
41.000
64.700
49.900
64.200
58.900
34.700
38.300
37.600
38.600
36.400
31.600
61.300
70.900
66.500
52.900
52.700
52.200
105.200
103.200
111.600
114.300
103.000
81.100
77.200
76.600
73.000
70.500
67.200
57.200
113.200
107.400
112.700
93.000
99.500
77.100
117.300
119.700
100.800
26.600
45.600
34.400
12.900
13.500
10.500
12.400
12.500
8.700
11.600
9.000
6.200
6.900
6.200
5.100
15.500
16.700
12.500
10.400
8.600
10.400
9.200
5.300
3.700
4.500
2.500
7.900
7.400
7.500
6.100
7.000
5.400
5.300
6.600
3.900
4.400
7.200
8.300
9.400
8.800
10.700
17.600
14.500
9.400
7.800
9.100
8.000
10.800
13.000
9.800
6.600
12.600
10.600
21.800
15.300
11.400
10.600
11.300
5.900
11.900
11.900
17.500
17.500
11.800
12.500
15.900
11.000
10.100
11.900
8.300
8.300
9.300
10.700
9.100
10.300
8.200
10.000
9.800
11.400
9.900
8.000
6.900
6.200
96.100
97.900
89.100
88.000
99.500
84.300
62.300
59.800
53.800
50.000
51.500
40.400
119.700
114.600
115.200
121.600
89.200
83.400
77.600
77.000
71.500
62.000
51.000
49.600
128.200
122.000
113.700
119.200
93.000
93.300
76.700
67.500
56.000
64.500
62.900
47.600
122.400
107.100
116.700
106.500
91.900
81.800
92.100
73.200
73.200
56.800
55.700
51.000
126.300
122.400
117.400
110.600
109.300
90.900
83.400
82.100
74.800
61.300
63.900
53.700
115.300
124.400
121.700
127.100
119.500
108.000
79.700
80.800
77.200
67.400
66.900
51.800
112.800
112.400
136.800
105.600
108.100
76.400
79.500
86.900
78.900
74.500
83.600
68.100
101.900
115.400
101.600
110.500
115.900
96.000
73.300
81.600
67.100
42.700
45.900
26.000
83.400
90.900
93.200
96.900
102.900
94.100
81.500
71.600
71.300
51.600
52.000
34.200
129.700
127.100
108.600
114.200
104.200
101.100
79.600
75.900
64.400
59.300
52.600
52.100
148.100
156.400
145.167
160.183
145.550
144.260
112.800
115.700
99.600
83.800
64.900
63.100
154.400
170.100
165.200
151.500
138.500
127.500
118.900
116.600
102.000
90.600
89.600
61.500
152.900
160.150
142.800
139.900
123.400
124.950
119.100
114.800
101.000
87.000
70.000
55.500
163.800
161.100
161.000
151.600
138.900
110.000
122.300
119.400
116.400
89.700
83.900
65.600
160.925
155.686
153.986
168.325
145.767
132.867
132.600
112.200
126.500
103.000
115.600
80.800
128.300
132.300
124.400
117.800
113.700
125.000
149.400
130.200
104.400
99.800
99.100
91.000
112.100
104.300
108.200
108.100
118.000
107.200
123.500
109.900
106.300
93.800
86.200
76.800
158.175
161.300
159.033
141.933
147.483
117.060
115.600
110.300
103.000
96.000
87.600
67.000
170.400
152.900
170.000
145.000
130.800
124.500
134.600
135.300
107.600
83.000
77.900
75.200
137.900
146.600
148.800
143.200
129.500
126.400
115.000
113.100
124.400
79.500
53.700
52.400
146.200
144.200
152.300
127.900
117.400
112.100
108.400
109.500
91.900
38.900
15.600
32.800
150.200
154.200
137.150
173.400
145.900
112.800
209.100
200.000
182.800
138.300
134.600
121.900
119.100
138.900
143.300
157.100
160.700
126.400
80.400
105.500
92.900
88.000
66.200
61.050
129.300
132.600
139.400
158.800
159.600
155.400
94.900
98.900
92.500
78.700
65.000
61.800
131.700
137.600
138.700
184.400
175.700
193.100
101.200
99.500
94.100
79.300
78.300
71.200
127.300
141.300
161.400
155.200
161.300
143.000
136.400
119.900
109.400
108.800
92.700
100.200
145.200
148.600
160.500
146.500
155.700
116.000
149.900
119.800
116.200
109.800
98.900
99.000
131.100
137.500
132.800
144.400
163.900
147.600
105.100
102.900
106.300
84.700
79.700
62.300
139.800
141.300
125.800
128.100
132.700
121.600
133.000
110.300
124.900
88.600
90.500
80.000
138.100
143.100
142.500
149.700
130.400
124.967
99.600
106.900
100.900
75.900
63.800
54.300
128.000
151.600
137.300
123.800
121.000
105.100
110.000
104.500
107.600
89.300
80.100
65.600
158.175
161.300
159.033
141.933
147.483
117.060
116.300
116.300
98.800
73.300
81.000
64.500
168.300
146.200
163.400
143.900
124.300
123.800
117.600
118.000
110.000
95.900
72.000
61.800
149.950
145.700
147.300
144.200
124.050
119.200
109.200
128.400
108.800
89.800
89.100
59.200
165.200
153.600
155.200
148.600
135.367
130.300
116.100
122.900
113.600
83.500
71.000
63.400
160.925
155.686
153.986
168.325
145.767
132.867
140.400
119.200
115.700
75.600
69.200
62.700
110.000
106.100
121.100
119.900
115.700
122.600
110.900
121.800
103.800
80.200
69.800
59.100
88.800
112.100
99.800
99.000
97.800
83.500
124.200
113.100
112.000
100.600
93.400
76.800
172.400
179.000
175.500
142.200
144.500
115.850
120.500
119.200
105.200
84.600
90.000
65.000
126.700
163.800
162.400
140.500
120.400
115.000
91.000
97.300
96.000
74.700
80.900
74.400
155.900
200.000
200.200
175.800
201.900
175.200
88.200
94.900
109.400
87.100
84.900
85.400
123.400
121.500
141.500
128.600
104.600
85.700
84.400
93.300
95.100
72.400
75.300
67.500
118.200
124.200
131.600
114.800
109.900
98.300
81.600
89.900
83.000
61.900
64.100
77.400
120.000
134.300
150.700
133.600
135.400
101.300
111.600
114.200
119.200
97.400
95.400
84.600
117.100
115.000
109.800
113.100
118.500
118.900
87.000
91.000
88.600
65.800
75.300
67.500
115.800
113.700
119.700
120.000
142.200
111.000
104.900
83.700
84.500
76.800
92.200
71.900
145.400
158.000
139.150
143.000
144.033
112.600
84.700
88.700
83.800
86.800
63.700
69.500
100.700
113.600
143.100
114.800
109.700
108.500
79.300
75.500
92.800
78.100
80.000
78.500
118.200
126.300
131.000
138.500
130.300
89.600
82.400
78.200
75.700
69.600
62.600
58.700
100.100
100.500
121.700
120.400
115.900
120.000
99.100
106.400
101.400
74.100
70.700
63.400
113.500
121.700
138.900
122.000
123.100
108.200
92.600
104.200
115.200
59.900
43.700
47.200
18.000
13.400
15.000
15.700
11.000
15.100
9.400
10.100
6.600
9.800
8.300
6.900
13.800
13.400
10.500
17.600
19.400
13.200
10.300
16.800
9.600
9.200
14.700
6.000
16.000
18.500
20.900
21.700
20.400
18.700
12.500
9.300
11.300
13.200
14.900
9.400
17.700
23.500
32.600
25.100
24.900
23.600
11.700
10.000
15.700
13.400
10.900
8.700
18.300
21.600
21.900
31.100
30.800
21.600
9.100
14.100
11.300
10.700
7.500
7.700
19.700
19.600
23.200
25.100
22.600
25.000
14.000
11.800
14.000
13.700
12.400
4.600
19.600
27.200
26.100
30.100
30.300
28.900
12.400
13.500
14.700
12.800
13.100
11.900
125.900
127.900
143.500
133.400
130.800
101.800
88.900
89.200
94.700
74.300
72.400
80.200
113.000
107.300
104.800
109.600
101.300
84.300
77.100
91.400
91.000
76.300
82.000
72.200
116.300
112.000
133.500
113.800
108.700
97.100
82.800
90.400
110.200
68.233
64.800
73.100
114.400
113.600
131.900
117.500
114.700
92.700
95.300
85.400
105.300
82.300
78.400
75.000
108.200
117.200
131.600
108.900
110.900
104.100
92.200
87.900
87.100
81.700
66.500
81.000
119.000
119.500
132.700
115.700
116.700
94.400
92.600
96.900
102.200
83.000
79.800
77.500
106.500
127.000
125.300
115.100
109.100
109.500
105.600
108.400
113.500
104.800
66.500
52.600
81.000
84.100
104.600
97.100
97.200
106.600
96.300
88.500
91.500
82.000
75.100
80.900
84.300
85.100
87.900
104.700
93.300
99.400
97.500
104.800
100.800
95.900
109.000
79.400
128.200
151.500
151.100
135.900
125.200
111.800
80.100
82.800
86.700
76.133
76.100
78.700