101.400
55.700
68.900
103.800
155.400
101.000
59.200
76.100
105.800
139.000
96.800
62.200
67.200
101.300
136.900
104.000
45.700
75.500
109.300
156.200
106.300
44.300
87.400
109.300
139.000
94.300
46.200
99.600
99.600
133.600
107.200
52.700
73.000
67.800
94.000
123.200
49.500
69.100
67.600
91.600
126.300
43.700
66.300
83.000
90.000
77.900
25.300
63.000
76.000
98.400
79.800
20.700
64.200
74.200
102.500
75.300
17.200
56.400
69.400
76.300
100.200
50.100
110.500
118.500
157.050
104.100
50.200
110.500
122.700
151.350
100.600
48.500
106.800
118.700
146.200
96.800
50.100
115.200
118.100
157.050
97.500
50.200
114.600
121.400
141.250
99.800
48.500
113.000
117.300
135.400
94.800
41.100
70.800
84.600
101.100
103.200
32.400
71.800
75.800
101.100
122.600
25.600
73.300
72.900
106.100
73.100
23.800
49.700
54.200
75.700
67.000
24.300
50.100
51.900
63.500
68.200
22.100
49.500
50.500
49.800
100.900
47.400
85.500
117.600
127.500
99.600
55.300
82.800
117.500
127.500
87.700
55.500
94.000
114.500
130.700
93.600
48.700
92.600
118.300
127.500
92.500
58.600
110.500
115.500
127.500
92.600
62.700
102.400
105.500
127.200
103.000
36.100
77.700
84.800
128.700
100.700
33.200
75.500
72.300
120.000
124.900
31.400
68.700
83.900
120.700
77.300
24.400
55.900
67.500
46.900
74.700
24.300
54.400
64.500
56.300
66.600
22.100
51.900
59.700
55.400
112.500
50.200
95.600
103.300
154.333
110.000
52.500
95.000
114.600
148.100
109.800
50.700
88.900
114.700
126.600
108.500
48.500
92.100
118.900
153.533
107.100
53.600
87.700
116.500
139.100
105.500
53.800
109.500
98.300
125.900
118.900
60.800
78.100
85.000
146.500
124.900
61.800
83.600
99.200
123.100
129.700
42.300
69.400
108.600
119.100
78.800
57.700
67.600
78.400
101.600
75.900
49.600
69.000
75.300
101.900
74.700
45.600
58.100
72.700
99.700
115.200
45.700
89.000
110.100
116.400
106.000
49.300
86.700
108.000
115.200
114.000
49.900
79.000
105.800
118.100
117.000
42.500
93.100
108.900
114.900
113.200
43.400
83.300
104.300
113.700
108.300
44.000
83.900
104.200
114.800
92.600
61.000
73.200
86.100
104.200
89.000
47.500
69.900
87.100
105.200
96.400
38.800
72.400
74.500
106.300
70.600
42.400
45.300
60.300
63.800
68.500
44.100
46.200
60.000
62.700
61.800
43.300
34.500
51.900
41.700
105.500
46.000
87.400
66.500
83.700
103.700
48.500
90.400
79.000
84.100
100.800
42.500
78.400
77.900
81.300
92.300
42.700
89.400
105.600
83.700
103.100
42.900
90.200
106.400
84.100
100.800
47.000
83.400
107.100
81.300
116.400
55.900
69.600
92.300
118.900
126.400
50.200
69.700
92.400
113.800
128.500
45.600
70.200
84.800
99.600
76.600
47.400
51.000
77.100
69.300
73.400
47.400
51.000
81.500
65.200
67.200
40.800
44.400
70.100
61.200
135.200
50.200
138.600
110.700
158.800
122.600
52.700
119.900
113.300
154.900
99.600
51.700
109.100
110.600
139.000
138.500
50.800
136.600
113.300
158.800
123.800
52.000
117.800
111.500
155.700
109.900
51.700
163.600
109.300
139.067
99.320
44.500
70.700
76.800
115.600
109.200
35.500
67.200
73.400
105.900
114.000
34.200
68.600
74.800
101.700
82.700
26.200
65.900
74.400
94.500
77.500
27.200
67.000
73.600
58.800
68.100
23.400
49.200
60.100
60.000