46 0 1 43 0 1 0.0 0 0.0000 0.1000 16.2
56 0 1 43 0 1 1.0 0 0.0000 0.1000 27.4
41 0 1 43 0 1 2.0 0 0.0000 0.1000 36.6
50 0 1 43 0 2 0.0 0 0.0000 0.1000 50.6
49 0 1 43 0 2 1.0 0 0.0000 0.1000 52.8
44 0 1 43 0 2 2.0 0 0.0000 0.1000 64.4
36 0 1 55 0 3 0.0 0 0.0000 0.0000 73.0
34 0 1 55 0 3 1.0 0 0.0000 0.0000 76.6
24 0 1 55 0 3 2.0 0 0.0000 0.0000 75.4
29 0 1 55 0 4 0.0 0 0.0000 0.0000 62.0
27 0 1 55 0 4 1.0 0 0.0000 0.0000 72.7
18 0 1 55 0 4 2.0 0 0.0000 0.0000 64.8
53 1 1 31 0 1 0.0 0 0.0000 0.0000 18.5
50 1 1 31 0 1 1.0 0 0.0000 0.0000 31.0
45 1 1 31 0 1 2.0 0 0.0000 0.0000 41.0
51 1 1 31 0 2 0.0 0 0.0000 0.0000 56.5
68 1 1 31 0 2 1.0 0 0.0000 0.0000 60.75
59 1 1 31 0 2 2.0 0 0.0000 0.0000 64.75
38 1 1 48 0 3 0.0 0 0.0000 0.0000 86.25
42 1 1 48 0 3 1.0 0 0.0000 0.0000 89.875
38 1 1 48 0 3 2.0 0 0.0000 0.0000 88.625
26 1 1 48 0 4 0.0 0 0.0000 0.0000 92.875
29 1 1 48 0 4 1.0 0 0.0000 0.0000 95.75
20 1 1 48 0 4 2.0 0 0.0000 0.0000 91.375
122 2 1 95 0 1 0.0 0 0.0000 0.0000 29.75
126 2 1 95 0 1 1.0 0 0.0000 0.0000 43.5
77 2 1 95 0 1 2.0 0 0.0000 0.0000 56.75
49 2 1 95 0 2 0.0 0 0.0000 0.0000 70.75
55 2 1 95 0 2 1.0 0 0.0000 0.0000 71.75
53 2 1 95 0 2 2.0 0 0.0000 0.0000 92.75
47 2 1 46 0 3 0.0 0 0.0000 0.0000 105.5
35 2 1 46 0 3 1.0 0 0.0000 0.0000 114.0
20 2 1 46 0 3 2.0 0 0.0000 0.0000 99.75
20 2 1 46 0 4 0.0 0 0.0000 0.0000 101.75
20 2 1 46 0 4 1.0 0 0.0000 0.0000 105.625
24 2 1 46 0 4 2.0 0 0.0000 0.0000 91.625
50 3 1 34 0 1 0.0 0 0.0000 0.0000 18.25
58 3 1 34 0 1 1.0 0 0.0000 0.0000 22.5
51 3 1 34 0 1 2.0 0 0.0000 0.0000 39.5
43 3 1 34 0 2 0.0 0 0.0000 0.0000 41.25
52 3 1 34 0 2 1.0 0 0.0000 0.0000 57.0
59 3 1 34 0 2 2.0 0 0.0000 0.0000 62.0
29 3 1 42 0 3 0.0 0 0.0000 0.0000 81.25
36 3 1 42 0 3 1.0 0 0.0000 0.0000 85.0
33 3 1 42 0 3 2.0 0 0.0000 0.0000 81.125
26 3 1 42 0 4 0.0 0 0.0000 0.0000 84.75
21 3 1 42 0 4 1.0 0 0.0000 0.0000 86.0
24 3 1 42 0 4 2.0 0 0.0000 0.0000 81.0
49 4 1 42 0 1 0.0 0 0.0000 0.0000 19.0
68 4 1 42 0 1 1.0 0 0.0000 0.0000 26.75
50 4 1 42 0 1 2.0 0 0.0000 0.0000 38.75
41 4 1 42 0 2 0.0 0 0.0000 0.0000 43.5
52 4 1 42 0 2 1.0 0 0.0000 0.0000 53.0
44 4 1 42 0 2 2.0 0 0.0000 0.0000 52.0
45 4 1 44 0 3 0.0 0 0.0000 0.0000 78.125
38 4 1 44 0 3 1.0 0 0.0000 0.0000 87.375
46 4 1 44 0 3 2.0 0 0.0000 0.0000 91.25
40 4 1 44 0 4 0.0 0 0.0000 0.0000 92.875
45 4 1 44 0 4 1.0 0 0.0000 0.0000 95.5
32 4 1 44 0 4 2.0 0 0.0000 0.0000 87.75
43 5 1 35 0 1 0.0 0 0.0000 0.0000 60.0
64 5 1 35 0 1 1.0 0 0.0000 0.0000 76.75
71 5 1 35 0 1 2.0 0 0.0000 0.0000 87.25
52 5 1 35 0 2 0.0 0 0.0000 0.0000 88.75
68 5 1 35 0 2 1.0 0 0.0000 0.0000 91.5
66 5 1 35 0 2 2.0 0 0.0000 0.0000 85.25
73 5 1 48 0 3 0.0 0 0.0000 0.0000 84.25
55 5 1 48 0 3 1.0 0 0.0000 0.0000 88.375
32 5 1 48 0 3 2.0 0 0.0000 0.0000 88.0
42 5 1 48 0 4 0.0 0 0.0000 0.0000 97.875
35 5 1 48 0 4 1.0 0 0.0000 0.0000 99.625
54 5 1 48 0 4 2.0 0 0.0000 0.0000 88.875
35 6 1 33 0 1 0.0 0 0.0000 0.0000 22.0
40 6 1 33 0 1 1.0 0 0.0000 0.0000 26.75
50 6 1 33 0 1 2.0 0 0.0000 0.0000 31.5
41 6 1 33 0 2 0.0 0 0.0000 0.0000 57.0
42 6 1 33 0 2 1.0 0 0.0000 0.0000 59.75
49 6 1 33 0 2 2.0 0 0.0000 0.0000 71.75
63 6 1 73 0 3 0.0 0 0.0000 0.0000 83.375
49 6 1 73 0 3 1.0 0 0.0000 0.0000 87.0
42 6 1 73 0 3 2.0 0 0.0000 0.0000 92.75
56 6 1 73 0 4 0.0 0 0.0000 0.0000 92.375
38 6 1 73 0 4 1.0 0 0.0000 0.0000 92.375
31 6 1 73 0 4 2.0 0 0.0000 0.0000 82.0
49 0 1 46 0 1 0.0 0 0.0000 0.0000 16.2
52 0 1 46 0 1 1.0 0 0.0000 0.0000 27.4
45 0 1 46 0 1 2.0 0 0.0000 0.0000 36.6
48 0 1 46 0 2 0.0 0 0.0000 0.0000 50.6
52 0 1 46 0 2 1.0 0 0.0000 0.0000 52.8
51 0 1 46 0 2 2.0 0 0.0000 0.0000 64.4
47 0 1 46 0 3 0.0 0 0.0000 0.0000 73.0
42 0 1 46 0 3 1.0 0 0.0000 0.0000 76.6
30 0 1 46 0 3 2.0 0 0.0000 0.0000 75.4
33 0 1 46 0 4 0.0 0 0.0000 0.0000 62.0
22 0 1 46 0 4 1.0 0 0.0000 0.0000 72.7
29 0 1 46 0 4 2.0 0 0.0000 0.0000 64.8
60 1 1 41 0 1 0.0 0 0.0000 0.0000 18.5
45 1 1 41 0 1 1.0 0 0.0000 0.0000 31.0
64 1 1 41 0 1 2.0 0 0.0000 0.0000 41.0
58 1 1 41 0 2 0.0 0 0.0000 0.0000 56.5
65 1 1 41 0 2 1.0 0 0.0000 0.0000 60.75
45 1 1 41 0 2 2.0 0 0.0000 0.0000 64.75
52 1 1 48 0 3 0.0 0 0.0000 1.2000 86.25
77 1 1 48 0 3 1.0 0 0.0000 1.2000 89.875
45 1 1 48 0 3 2.0 0 0.0000 1.2000 88.625
30 1 1 48 0 4 0.0 0 0.0000 1.2000 92.875
18 1 1 48 0 4 1.0 0 0.0000 1.2000 95.75
12 1 1 48 0 4 2.0 0 0.0000 1.2000 91.375
128 2 1 104 0 1 0.0 0 5.5000 1.3000 29.75
137 2 1 104 0 1 1.0 0 5.5000 1.3000 43.5
104 2 1 104 0 1 2.0 0 5.5000 1.3000 56.75
111 2 1 104 0 2 0.0 0 5.5000 1.3000 70.75
121 2 1 104 0 2 1.0 0 5.5000 1.3000 71.75
136 2 1 104 0 2 2.0 0 5.5000 1.3000 92.75
31 2 1 45 0 3 0.0 0 1.8000 1.2000 105.5
37 2 1 45 0 3 1.0 0 1.8000 1.2000 114.0
31 2 1 45 0 3 2.0 0 1.8000 1.2000 99.75
26 2 1 45 0 4 0.0 0 1.8000 1.2000 101.75
24 2 1 45 0 4 1.0 0 1.8000 1.2000 105.625
18 2 1 45 0 4 2.0 0 1.8000 1.2000 91.625
41 3 1 30 0 1 0.0 0 0.1000 1.4000 18.25
48 3 1 30 0 1 1.0 0 0.1000 1.4000 22.5
50 3 1 30 0 1 2.0 0 0.1000 1.4000 39.5
47 3 1 30 0 2 0.0 0 0.1000 1.4000 41.25
40 3 1 30 0 2 1.0 0 0.1000 1.4000 57.0
48 3 1 30 0 2 2.0 0 0.1000 1.4000 62.0
30 3 1 47 0 3 0.0 0 0.3000 0.2000 81.25
30 3 1 47 0 3 1.0 0 0.3000 0.2000 85.0
30 3 1 47 0 3 2.0 0 0.3000 0.2000 81.125
22 3 1 47 0 4 0.0 0 0.3000 0.2000 84.75
26 3 1 47 0 4 1.0 0 0.3000 0.2000 86.0
25 3 1 47 0 4 2.0 0 0.3000 0.2000 81.0
46 4 1 44 0 1 0.0 0 0.0000 0.0000 19.0
48 4 1 44 0 1 1.0 0 0.0000 0.0000 26.75
47 4 1 44 0 1 2.0 0 0.0000 0.0000 38.75
60 4 1 44 0 2 0.0 0 0.0000 0.0000 43.5
61 4 1 44 0 2 1.0 0 0.0000 0.0000 53.0
63 4 1 44 0 2 2.0 0 0.0000 0.0000 52.0
87 4 1 117 0 3 0.0 0 0.0000 0.0000 78.125
98 4 1 117 0 3 1.0 0 0.0000 0.0000 87.375
133 4 1 117 0 3 2.0 0 0.0000 0.0000 91.25
137 4 1 117 0 4 0.0 0 0.0000 0.0000 92.875
172 4 1 117 0 4 1.0 0 0.0000 0.0000 95.5
156 4 1 117 0 4 2.0 0 0.0000 0.0000 87.75
217 5 1 233 0 1 0.0 1 0.0000 0.0000 60.0
210 5 1 233 0 1 1.0 1 0.0000 0.0000 76.75
198 5 1 233 0 1 2.0 1 0.0000 0.0000 87.25
251 5 1 233 0 2 0.0 1 0.0000 0.0000 88.75
249 5 1 233 0 2 1.0 1 0.0000 0.0000 91.5
242 5 1 233 0 2 2.0 1 0.0000 0.0000 85.25
161 5 1 162 0 3 0.0 1 0.0000 0.0000 84.25
134 5 1 162 0 3 1.0 1 0.0000 0.0000 88.375
97 5 1 162 0 3 2.0 1 0.0000 0.0000 88.0
99 5 1 162 0 4 0.0 1 0.0000 0.0000 97.875
82 5 1 162 0 4 1.0 1 0.0000 0.0000 99.625
89 5 1 162 0 4 2.0 1 0.0000 0.0000 88.875
203 6 1 168 0 1 0.0 1 0.0000 0.0000 22.0
237 6 1 168 0 1 1.0 1 0.0000 0.0000 26.75
277 6 1 168 0 1 2.0 1 0.0000 0.0000 31.5
266 6 1 168 0 2 0.0 1 0.0000 0.0000 57.0
271 6 1 168 0 2 1.0 1 0.0000 0.0000 59.75
211 6 1 168 0 2 2.0 1 0.0000 0.0000 71.75
166 6 1 127 0 3 0.0 1 0.0000 0.0000 83.375
132 6 1 127 0 3 1.0 1 0.0000 0.0000 87.0
108 6 1 127 0 3 2.0 1 0.0000 0.0000 92.75
97 6 1 127 0 4 0.0 1 0.0000 0.0000 92.375
116 6 1 127 0 4 1.0 1 0.0000 0.0000 92.375
77 6 1 127 0 4 2.0 1 0.0000 0.0000 82.0
189 0 1 140 0 1 0.0 1 0.0000 0.0000 16.2
196 0 1 140 0 1 1.0 1 0.0000 0.0000 27.4
204 0 1 140 0 1 2.0 1 0.0000 0.0000 36.6
90 0 1 140 0 2 0.0 1 0.0000 0.0000 50.6
183 0 1 140 0 2 1.0 1 0.0000 0.0000 52.8
183 0 1 140 0 2 2.0 1 0.0000 0.0000 64.4
153 0 1 105 0 3 0.0 1 0.0000 0.0000 73.0
116 0 1 105 0 3 1.0 1 0.0000 0.0000 76.6
111 0 1 105 0 3 2.0 1 0.0000 0.0000 75.4
111 0 1 105 0 4 0.0 1 0.0000 0.0000 62.0
96 0 1 105 0 4 1.0 1 0.0000 0.0000 72.7
84 0 1 105 0 4 2.0 1 0.0000 0.0000 64.8
175 1 1 135 0 1 0.0 1 0.0000 0.0000 18.5
192 1 1 135 0 1 1.0 1 0.0000 0.0000 31.0
215 1 1 135 0 1 2.0 1 0.0000 0.0000 41.0
232 1 1 135 0 2 0.0 1 0.0000 0.0000 56.5
207 1 1 135 0 2 1.0 1 0.0000 0.0000 60.75
229 1 1 135 0 2 2.0 1 0.0000 0.0000 64.75
205 1 1 216 0 3 0.0 1 0.0000 0.0000 86.25
193 1 1 216 0 3 1.0 1 0.0000 0.0000 89.875
173 1 1 216 0 3 2.0 1 0.0000 0.0000 88.625
131 1 1 216 0 4 0.0 1 0.0000 0.0000 92.875
107 1 1 216 0 4 1.0 1 0.0000 0.0000 95.75
111 1 1 216 0 4 2.0 1 0.0000 0.0000 91.375
130 2 1 130 0 1 0.0 1 0.0000 0.0000 29.75
192 2 1 130 0 1 1.0 1 0.0000 0.0000 43.5
182 2 1 130 0 1 2.0 1 0.0000 0.0000 56.75
165 2 1 130 0 2 0.0 1 0.0000 0.0000 70.75
188 2 1 130 0 2 1.0 1 0.0000 0.0000 71.75
166 2 1 130 0 2 2.0 1 0.0000 0.0000 92.75
163 2 1 205 0 3 0.0 1 0.0000 0.0000 105.5
179 2 1 205 0 3 1.0 1 0.0000 0.0000 114.0
215 2 1 205 0 3 2.0 1 0.0000 0.0000 99.75
189 2 1 205 0 4 0.0 1 0.0000 0.0000 101.75
175 2 1 205 0 4 1.0 1 0.0000 0.0000 105.625
128 2 1 205 0 4 2.0 1 0.0000 0.0000 91.625
122 3 1 135 0 1 0.0 1 0.8000 0.0000 18.25
150 3 1 135 0 1 1.0 1 0.8000 0.0000 22.5
170 3 1 135 0 1 2.0 1 0.8000 0.0000 39.5
160 3 1 135 0 2 0.0 1 0.8000 0.0000 41.25
189 3 1 135 0 2 1.0 1 0.8000 0.0000 57.0
173 3 1 135 0 2 2.0 1 0.8000 0.0000 62.0
196 3 1 170 0 3 0.0 1 0.0000 0.0000 81.25
163 3 1 170 0 3 1.0 1 0.0000 0.0000 85.0
154 3 1 170 0 3 2.0 1 0.0000 0.0000 81.125
157 3 1 170 0 4 0.0 1 0.0000 0.0000 84.75
130 3 1 170 0 4 1.0 1 0.0000 0.0000 86.0
140 3 1 170 0 4 2.0 1 0.0000 0.0000 81.0
110 4 1 92 0 1 0.0 0 0.0000 0.0000 19.0
122 4 1 92 0 1 1.0 0 0.0000 0.0000 26.75
113 4 1 92 0 1 2.0 0 0.0000 0.0000 38.75
147 4 1 92 0 2 0.0 0 0.0000 0.0000 43.5
155 4 1 92 0 2 1.0 0 0.0000 0.0000 53.0
148 4 1 92 0 2 2.0 0 0.0000 0.0000 52.0
172 4 1 179 0 3 0.0 0 2.5000 2.0000 78.125
118 4 1 179 0 3 1.0 0 2.5000 2.0000 87.375
130 4 1 179 0 3 2.0 0 2.5000 2.0000 91.25
95 4 1 179 0 4 0.0 0 2.5000 2.0000 92.875
98 4 1 179 0 4 1.0 0 2.5000 2.0000 95.5
64 4 1 179 0 4 2.0 0 2.5000 2.0000 87.75
31 5 1 27 0 1 0.0 0 0.0000 0.0000 60.0
39 5 1 27 0 1 1.0 0 0.0000 0.0000 76.75
38 5 1 27 0 1 2.0 0 0.0000 0.0000 87.25
35 5 1 27 0 2 0.0 0 0.0000 0.0000 88.75
31 5 1 27 0 2 1.0 0 0.0000 0.0000 91.5
38 5 1 27 0 2 2.0 0 0.0000 0.0000 85.25
37 5 1 36 0 3 0.0 0 0.0000 0.0000 84.25
23 5 1 36 0 3 1.0 0 0.0000 0.0000 88.375
26 5 1 36 0 3 2.0 0 0.0000 0.0000 88.0
20 5 1 36 0 4 0.0 0 0.0000 0.0000 97.875
28 5 1 36 0 4 1.0 0 0.0000 0.0000 99.625
20 5 1 36 0 4 2.0 0 0.0000 0.0000 88.875
46 6 1 33 0 1 0.0 0 0.0000 0.0000 22.0
39 6 1 33 0 1 1.0 0 0.0000 0.0000 26.75
35 6 1 33 0 1 2.0 0 0.0000 0.0000 31.5
45 6 1 33 0 2 0.0 0 0.0000 0.0000 57.0
41 6 1 33 0 2 1.0 0 0.0000 0.0000 59.75
41 6 1 33 0 2 2.0 0 0.0000 0.0000 71.75
33 6 1 38 0 3 0.0 0 0.0000 0.0000 83.375
28 6 1 38 0 3 1.0 0 0.0000 0.0000 87.0
32 6 1 38 0 3 2.0 0 0.0000 0.0000 92.75
20 6 1 38 0 4 0.0 0 0.0000 0.0000 92.375
29 6 1 38 0 4 1.0 0 0.0000 0.0000 92.375
23 6 1 38 0 4 2.0 0 0.0000 0.0000 82.0
47 0 1 37 0 1 0.0 0 0 0 16.2
44 0 1 37 0 1 1.0 0 0 0 27.4
57 0 1 37 0 1 2.0 0 0 0 36.6
51 0 1 37 0 2 0.0 0 0 0 50.6
44 0 1 37 0 2 1.0 0 0 0 52.8
53 0 1 37 0 2 2.0 0 0 0 64.4
41 0 1 28 0 3 0.0 0 0 0 73.0
22 0 1 28 0 3 1.0 0 0 0 76.6
16 0 1 28 0 3 2.0 0 0 0 75.4
20 0 1 28 0 4 0.0 0 0 0 62.0
28 0 1 28 0 4 1.0 0 0 0 72.7
23 0 1 28 0 4 2.0 0 0 0 64.8
49 1 1 52 0 1 0.0 0 0.0000 0.0000 18.5
49 1 1 52 0 1 1.0 0 0.0000 0.0000 31.0
40 1 1 52 0 1 2.0 0 0.0000 0.0000 41.0
45 1 1 52 0 2 0.0 0 0.0000 0.0000 56.5
47 1 1 52 0 2 1.0 0 0.0000 0.0000 60.75
44 1 1 52 0 2 2.0 0 0.0000 0.0000 64.75
39 1 1 42 0 3 0.0 0 0.0000 0.0000 86.25
30 1 1 42 0 3 1.0 0 0.0000 0.0000 89.875
24 1 1 42 0 3 2.0 0 0.0000 0.0000 88.625
27 1 1 42 0 4 0.0 0 0.0000 0.0000 92.875
33 1 1 42 0 4 1.0 0 0.0000 0.0000 95.75
25 1 1 42 0 4 2.0 0 0.0000 0.0000 91.375
45 2 1 42 0 1 0.0 0 0.0000 0.0000 29.75
54 2 1 42 0 1 1.0 0 0.0000 0.0000 43.5
55 2 1 42 0 1 2.0 0 0.0000 0.0000 56.75
44 2 1 42 0 2 0.0 0 0.0000 0.0000 70.75
51 2 1 42 0 2 1.0 0 0.0000 0.0000 71.75
34 2 1 42 0 2 2.0 0 0.0000 0.0000 92.75
42 2 1 48 0 3 0.0 0 0.0000 0.0000 105.5
26 2 1 48 0 3 1.0 0 0.0000 0.0000 114.0
26 2 1 48 0 3 2.0 0 0.0000 0.0000 99.75
29 2 1 48 0 4 0.0 0 0.0000 0.0000 101.75
25 2 1 48 0 4 1.0 0 0.0000 0.0000 105.625
21 2 1 48 0 4 2.0 0 0.0000 0.0000 91.625
51 3 1 49 0 1 0.0 0 0.0000 0.0000 18.25
59 3 1 49 0 1 1.0 0 0.0000 0.0000 22.5
42 3 1 49 0 1 2.0 0 0.0000 0.0000 39.5
65 3 1 49 0 2 0.0 0 0.0000 0.0000 41.25
46 3 1 49 0 2 1.0 0 0.0000 0.0000 57.0
59 3 1 49 0 2 2.0 0 0.0000 0.0000 62.0
54 3 1 50 0 3 0.0 0 0.0000 0.0000 81.25
45 3 1 50 0 3 1.0 0 0.0000 0.0000 85.0
39 3 1 50 0 3 2.0 0 0.0000 0.0000 81.125
34 3 1 50 0 4 0.0 0 0.0000 0.0000 84.75
33 3 1 50 0 4 1.0 0 0.0000 0.0000 86.0
23 3 1 50 0 4 2.0 0 0.0000 0.0000 81.0
34 4 1 30 0 1 0.0 0 0.0000 0.0000 19.0
59 4 1 30 0 1 1.0 0 0.0000 0.0000 26.75
46 4 1 30 0 1 2.0 0 0.0000 0.0000 38.75
44 4 1 30 0 2 0.0 0 0.0000 0.0000 43.5
48 4 1 30 0 2 1.0 0 0.0000 0.0000 53.0
45 4 1 30 0 2 2.0 0 0.0000 0.0000 52.0
44 4 1 62 0 3 0.0 0 0.0000 0.0000 78.125
47 4 1 62 0 3 1.0 0 0.0000 0.0000 87.375
39 4 1 62 0 3 2.0 0 0.0000 0.0000 91.25
35 4 1 62 0 4 0.0 0 0.0000 0.0000 92.875
30 4 1 62 0 4 1.0 0 0.0000 0.0000 95.5
43 4 1 62 0 4 2.0 0 0.0000 0.0000 87.75
44 5 1 46 0 1 0.0 0 0.1000 0.0000 60.0
47 5 1 46 0 1 1.0 0 0.1000 0.0000 76.75
55 5 1 46 0 1 2.0 0 0.1000 0.0000 87.25
70 5 1 46 0 2 0.0 0 0.1000 0.0000 88.75
72 5 1 46 0 2 1.0 0 0.1000 0.0000 91.5
55 5 1 46 0 2 2.0 0 0.1000 0.0000 85.25
66 5 1 64 0 3 0.0 0 0.0000 0.0000 84.25
55 5 1 64 0 3 1.0 0 0.0000 0.0000 88.375
32 5 1 64 0 3 2.0 0 0.0000 0.0000 88.0
33 5 1 64 0 4 0.0 0 0.0000 0.0000 97.875
30 5 1 64 0 4 1.0 0 0.0000 0.0000 99.625
29 5 1 64 0 4 2.0 0 0.0000 0.0000 88.875
29 6 1 53 0 1 0.0 0 0.0000 0.0000 22.0
44 6 1 53 0 1 1.0 0 0.0000 0.0000 26.75
35 6 1 53 0 1 2.0 0 0.0000 0.0000 31.5
51 6 1 53 0 2 0.0 0 0.0000 0.0000 57.0
47 6 1 53 0 2 1.0 0 0.0000 0.0000 59.75
48 6 1 53 0 2 2.0 0 0.0000 0.0000 71.75
70 6 1 69 0 3 0.0 0 0.0000 0.0000 83.375
59 6 1 69 0 3 1.0 0 0.0000 0.0000 87.0
37 6 1 69 0 3 2.0 0 0.0000 0.0000 92.75
39 6 1 69 0 4 0.0 0 0.0000 0.0000 92.375
41 6 1 69 0 4 1.0 0 0.0000 0.0000 92.375
38 6 1 69 0 4 2.0 0 0.0000 0.0000 82.0
50 0 1 56 0 1 0.0 0 0.0000 0.0000 16.2
46 0 1 56 0 1 1.0 0 0.0000 0.0000 27.4
56 0 1 56 0 1 2.0 0 0.0000 0.0000 36.6
43 0 1 56 0 2 0.0 0 0.0000 0.0000 50.6
54 0 1 56 0 2 1.0 0 0.0000 0.0000 52.8
41 0 1 56 0 2 2.0 0 0.0000 0.0000 64.4
43 0 1 42 0 3 0.0 0 0.0000 0.0000 73.0
34 0 1 42 0 3 1.0 0 0.0000 0.0000 76.6
25 0 1 42 0 3 2.0 0 0.0000 0.0000 75.4
22 0 1 42 0 4 0.0 0 0.0000 0.0000 62.0
24 0 1 42 0 4 1.0 0 0.0000 0.0000 72.7
14 0 1 42 0 4 2.0 0 0.0000 0.0000 64.8
123 0 1 118 1 1 0.0 0 0.0000 0.1000 32.6
119 0 1 118 1 1 1.0 0 0.0000 0.1000 52.6
116 0 1 118 1 1 2.0 0 0.0000 0.1000 58.2
120 0 1 118 1 2 0.0 0 0.0000 0.1000 70.8
151 0 1 118 1 2 1.0 0 0.0000 0.1000 88.6
131 0 1 118 1 2 2.0 0 0.0000 0.1000 104.4
96 0 1 116 1 3 0.0 0 0.0000 0.0000 88.7
116 0 1 116 1 3 1.0 0 0.0000 0.0000 91.5
112 0 1 116 1 3 2.0 0 0.0000 0.0000 85.9
67 0 1 116 1 4 0.0 0 0.0000 0.0000 98.9
94 0 1 116 1 4 1.0 0 0.0000 0.0000 97.4
65 0 1 116 1 4 2.0 0 0.0000 0.0000 92.0
132 1 1 139 1 1 0.0 0 0.0000 0.0000 35.25
151 1 1 139 1 1 1.0 0 0.0000 0.0000 49.25
131 1 1 139 1 1 2.0 0 0.0000 0.0000 57.75
150 1 1 139 1 2 0.0 0 0.0000 0.0000 63.75
142 1 1 139 1 2 1.0 0 0.0000 0.0000 85.5
173 1 1 139 1 2 2.0 0 0.0000 0.0000 91.25
111 1 1 95 1 3 0.0 0 0.0000 0.0000 88.625
110 1 1 95 1 3 1.0 0 0.0000 0.0000 85.0
133 1 1 95 1 3 2.0 0 0.0000 0.0000 87.5
78 1 1 95 1 4 0.0 0 0.0000 0.0000 89.25
60 1 1 95 1 4 1.0 0 0.0000 0.0000 83.375
53 1 1 95 1 4 2.0 0 0.0000 0.0000 91.0
100 2 1 99 1 1 0.0 0 0.0000 0.0000 31.75
105 2 1 99 1 1 1.0 0 0.0000 0.0000 46.75
119 2 1 99 1 1 2.0 0 0.0000 0.0000 54.0
137 2 1 99 1 2 0.0 0 0.0000 0.0000 64.75
132 2 1 99 1 2 1.0 0 0.0000 0.0000 66.25
122 2 1 99 1 2 2.0 0 0.0000 0.0000 83.0
94 2 1 98 1 3 0.0 0 0.0000 0.0000 78.375
109 2 1 98 1 3 1.0 0 0.0000 0.0000 82.0
94 2 1 98 1 3 2.0 0 0.0000 0.0000 81.5
74 2 1 98 1 4 0.0 0 0.0000 0.0000 87.875
85 2 1 98 1 4 1.0 0 0.0000 0.0000 83.5
78 2 1 98 1 4 2.0 0 0.0000 0.0000 83.0
106 3 1 100 1 1 0.0 0 0.0000 0.0000 34.0
98 3 1 100 1 1 1.0 0 0.0000 0.0000 41.25
111 3 1 100 1 1 2.0 0 0.0000 0.0000 56.0
123 3 1 100 1 2 0.0 0 0.0000 0.0000 55.5
107 3 1 100 1 2 1.0 0 0.0000 0.0000 67.5
110 3 1 100 1 2 2.0 0 0.0000 0.0000 76.5
114 3 1 113 1 3 0.0 0 0.0000 0.0000 75.5
102 3 1 113 1 3 1.0 0 0.0000 0.0000 76.5
113 3 1 113 1 3 2.0 0 0.0000 0.0000 83.125
81 3 1 113 1 4 0.0 0 0.0000 0.0000 80.125
83 3 1 113 1 4 1.0 0 0.0000 0.0000 86.375
88 3 1 113 1 4 2.0 0 0.0000 0.0000 79.75
110 4 1 93 1 1 0.0 0 0.0000 0.0000 29.5
127 4 1 93 1 1 1.0 0 0.0000 0.0000 46.0
112 4 1 93 1 1 2.0 0 0.0000 0.0000 53.0
129 4 1 93 1 2 0.0 0 0.0000 0.0000 62.75
107 4 1 93 1 2 1.0 0 0.0000 0.0000 75.0
105 4 1 93 1 2 2.0 0 0.0000 0.0000 84.5
113 4 1 113 1 3 0.0 0 0.0000 0.0000 89.875
105 4 1 113 1 3 1.0 0 0.0000 0.0000 88.75
141 4 1 113 1 3 2.0 0 0.0000 0.0000 89.875
93 4 1 113 1 4 0.0 0 0.0000 0.0000 88.125
96 4 1 113 1 4 1.0 0 0.0000 0.0000 93.125
108 4 1 113 1 4 2.0 0 0.0000 0.0000 90.25
95 5 1 106 1 1 0.0 0 0.0000 0.0000 29.0
101 5 1 106 1 1 1.0 0 0.0000 0.0000 39.75
102 5 1 106 1 1 2.0 0 0.0000 0.0000 47.75
82 5 1 106 1 2 0.0 0 0.0000 0.0000 51.5
86 5 1 106 1 2 1.0 0 0.0000 0.0000 61.25
78 5 1 106 1 2 2.0 0 0.0000 0.0000 70.5
94 5 1 90 1 3 0.0 0 0.0000 0.0000 71.0
85 5 1 90 1 3 1.0 0 0.0000 0.0000 79.0
105 5 1 90 1 3 2.0 0 0.0000 0.0000 79.375
78 5 1 90 1 4 0.0 0 0.0000 0.0000 76.875
75 5 1 90 1 4 1.0 0 0.0000 0.0000 68.625
59 5 1 90 1 4 2.0 0 0.0000 0.0000 76.5
98 6 1 65 1 1 0.0 0 0.0000 0.0000 30.25
96 6 1 65 1 1 1.0 0 0.0000 0.0000 37.5
105 6 1 65 1 1 2.0 0 0.0000 0.0000 47.0
108 6 1 65 1 2 0.0 0 0.0000 0.0000 46.25
103 6 1 65 1 2 1.0 0 0.0000 0.0000 57.75
95 6 1 65 1 2 2.0 0 0.0000 0.0000 54.5
105 6 1 120 1 3 0.0 0 0.0000 0.0000 72.625
104 6 1 120 1 3 1.0 0 0.0000 0.0000 78.625
84 6 1 120 1 3 2.0 0 0.0000 0.0000 77.25
69 6 1 120 1 4 0.0 0 0.0000 0.0000 82.75
61 6 1 120 1 4 1.0 0 0.0000 0.0000 80.25
62 6 1 120 1 4 2.0 0 0.0000 0.0000 79.75
125 0 1 116 1 1 0.0 0 0.0000 0.0000 32.6
91 0 1 116 1 1 1.0 0 0.0000 0.0000 52.6
116 0 1 116 1 1 2.0 0 0.0000 0.0000 58.2
120 0 1 116 1 2 0.0 0 0.0000 0.0000 70.8
130 0 1 116 1 2 1.0 0 0.0000 0.0000 88.6
102 0 1 116 1 2 2.0 0 0.0000 0.0000 104.4
106 0 1 103 1 3 0.0 0 0.0000 0.0000 88.7
112 0 1 103 1 3 1.0 0 0.0000 0.0000 91.5
102 0 1 103 1 3 2.0 0 0.0000 0.0000 85.9
74 0 1 103 1 4 0.0 0 0.0000 0.0000 98.9
85 0 1 103 1 4 1.0 0 0.0000 0.0000 97.4
54 0 1 103 1 4 2.0 0 0.0000 0.0000 92.0
118 1 1 113 1 1 0.0 0 0.0000 0.0000 35.25
116 1 1 113 1 1 1.0 0 0.0000 0.0000 49.25
125 1 1 113 1 1 2.0 0 0.0000 0.0000 57.75
129 1 1 113 1 2 0.0 0 0.0000 0.0000 63.75
97 1 1 113 1 2 1.0 0 0.0000 0.0000 85.5
73 1 1 113 1 2 2.0 0 0.0000 0.0000 91.25
94 1 1 119 1 3 0.0 0 0.0000 1.2000 88.625
142 1 1 119 1 3 1.0 0 0.0000 1.2000 85.0
110 1 1 119 1 3 2.0 0 0.0000 1.2000 87.5
76 1 1 119 1 4 0.0 0 0.0000 1.2000 89.25
85 1 1 119 1 4 1.0 0 0.0000 1.2000 83.375
64 1 1 119 1 4 2.0 0 0.0000 1.2000 91.0
95 2 1 108 1 1 0.0 0 5.5000 1.3000 31.75
105 2 1 108 1 1 1.0 0 5.5000 1.3000 46.75
118 2 1 108 1 1 2.0 0 5.5000 1.3000 54.0
94 2 1 108 1 2 0.0 0 5.5000 1.3000 64.75
109 2 1 108 1 2 1.0 0 5.5000 1.3000 66.25
103 2 1 108 1 2 2.0 0 5.5000 1.3000 83.0
86 2 1 78 1 3 0.0 0 1.8000 1.2000 78.375
113 2 1 78 1 3 1.0 0 1.8000 1.2000 82.0
112 2 1 78 1 3 2.0 0 1.8000 1.2000 81.5
80 2 1 78 1 4 0.0 0 1.8000 1.2000 87.875
69 2 1 78 1 4 1.0 0 1.8000 1.2000 83.5
64 2 1 78 1 4 2.0 0 1.8000 1.2000 83.0
97 3 1 83 1 1 0.0 0 0.1000 1.4000 34.0
102 3 1 83 1 1 1.0 0 0.1000 1.4000 41.25
122 3 1 83 1 1 2.0 0 0.1000 1.4000 56.0
97 3 1 83 1 2 0.0 0 0.1000 1.4000 55.5
113 3 1 83 1 2 1.0 0 0.1000 1.4000 67.5
83 3 1 83 1 2 2.0 0 0.1000 1.4000 76.5
94 3 1 81 1 3 0.0 0 0.3000 0.2000 75.5
91 3 1 81 1 3 1.0 0 0.3000 0.2000 76.5
130 3 1 81 1 3 2.0 0 0.3000 0.2000 83.125
77 3 1 81 1 4 0.0 0 0.3000 0.2000 80.125
70 3 1 81 1 4 1.0 0 0.3000 0.2000 86.375
87 3 1 81 1 4 2.0 0 0.3000 0.2000 79.75
126 4 1 95 1 1 0.0 0 0.0000 0.0000 29.5
112 4 1 95 1 1 1.0 0 0.0000 0.0000 46.0
141 4 1 95 1 1 2.0 0 0.0000 0.0000 53.0
132 4 1 95 1 2 0.0 0 0.0000 0.0000 62.75
134 4 1 95 1 2 1.0 0 0.0000 0.0000 75.0
97 4 1 95 1 2 2.0 0 0.0000 0.0000 84.5
67 4 1 102 1 3 0.0 0 0.0000 0.0000 89.875
86 4 1 102 1 3 1.0 0 0.0000 0.0000 88.75
93 4 1 102 1 3 2.0 0 0.0000 0.0000 89.875
17 4 1 102 1 4 0.0 0 0.0000 0.0000 88.125
19 4 1 102 1 4 1.0 0 0.0000 0.0000 93.125
39 4 1 102 1 4 2.0 0 0.0000 0.0000 90.25
5 5 1 10 1 1 0.0 1 0.0000 0.0000 29.0
11 5 1 10 1 1 1.0 1 0.0000 0.0000 39.75
15 5 1 10 1 1 2.0 1 0.0000 0.0000 47.75
21 5 1 10 1 2 0.0 1 0.0000 0.0000 51.5
22 5 1 10 1 2 1.0 1 0.0000 0.0000 61.25
9 5 1 10 1 2 2.0 1 0.0000 0.0000 70.5
12 5 1 9 1 3 0.0 1 0.0000 0.0000 71.0
14 5 1 9 1 3 1.0 1 0.0000 0.0000 79.0
4 5 1 9 1 3 2.0 1 0.0000 0.0000 79.375
8 5 1 9 1 4 0.0 1 0.0000 0.0000 76.875
5 5 1 9 1 4 1.0 1 0.0000 0.0000 68.625
11 5 1 9 1 4 2.0 1 0.0000 0.0000 76.5
19 6 1 21 1 1 0.0 1 0.0000 0.0000 30.25
13 6 1 21 1 1 1.0 1 0.0000 0.0000 37.5
6 6 1 21 1 1 2.0 1 0.0000 0.0000 47.0
14 6 1 21 1 2 0.0 1 0.0000 0.0000 46.25
9 6 1 21 1 2 1.0 1 0.0000 0.0000 57.75
8 6 1 21 1 2 2.0 1 0.0000 0.0000 54.5
5 6 1 14 1 3 0.0 1 0.0000 0.0000 72.625
18 6 1 14 1 3 1.0 1 0.0000 0.0000 78.625
16 6 1 14 1 3 2.0 1 0.0000 0.0000 77.25
14 6 1 14 1 4 0.0 1 0.0000 0.0000 82.75
11 6 1 14 1 4 1.0 1 0.0000 0.0000 80.25
9 6 1 14 1 4 2.0 1 0.0000 0.0000 79.75
15 0 1 12 1 1 0.0 1 0.0000 0.0000 32.6
21 0 1 12 1 1 1.0 1 0.0000 0.0000 52.6
15 0 1 12 1 1 2.0 1 0.0000 0.0000 58.2
13 0 1 12 1 2 0.0 1 0.0000 0.0000 70.8
17 0 1 12 1 2 1.0 1 0.0000 0.0000 88.6
20 0 1 12 1 2 2.0 1 0.0000 0.0000 104.4
11 0 1 13 1 3 0.0 1 0.0000 0.0000 88.7
15 0 1 13 1 3 1.0 1 0.0000 0.0000 91.5
10 0 1 13 1 3 2.0 1 0.0000 0.0000 85.9
7 0 1 13 1 4 0.0 1 0.0000 0.0000 98.9
10 0 1 13 1 4 1.0 1 0.0000 0.0000 97.4
11 0 1 13 1 4 2.0 1 0.0000 0.0000 92.0
26 1 1 20 1 1 0.0 1 0.0000 0.0000 35.25
20 1 1 20 1 1 1.0 1 0.0000 0.0000 49.25
23 1 1 20 1 1 2.0 1 0.0000 0.0000 57.75
26 1 1 20 1 2 0.0 1 0.0000 0.0000 63.75
20 1 1 20 1 2 1.0 1 0.0000 0.0000 85.5
23 1 1 20 1 2 2.0 1 0.0000 0.0000 91.25
12 1 1 19 1 3 0.0 1 0.0000 0.0000 88.625
18 1 1 19 1 3 1.0 1 0.0000 0.0000 85.0
14 1 1 19 1 3 2.0 1 0.0000 0.0000 87.5
14 1 1 19 1 4 0.0 1 0.0000 0.0000 89.25
11 1 1 19 1 4 1.0 1 0.0000 0.0000 83.375
11 1 1 19 1 4 2.0 1 0.0000 0.0000 91.0
16 2 1 22 1 1 0.0 1 0.0000 0.0000 31.75
22 2 1 22 1 1 1.0 1 0.0000 0.0000 46.75
24 2 1 22 1 1 2.0 1 0.0000 0.0000 54.0
15 2 1 22 1 2 0.0 1 0.0000 0.0000 64.75
29 2 1 22 1 2 1.0 1 0.0000 0.0000 66.25
29 2 1 22 1 2 2.0 1 0.0000 0.0000 83.0
10 2 1 19 1 3 0.0 1 0.0000 0.0000 78.375
16 2 1 19 1 3 1.0 1 0.0000 0.0000 82.0
17 2 1 19 1 3 2.0 1 0.0000 0.0000 81.5
12 2 1 19 1 4 0.0 1 0.0000 0.0000 87.875
18 2 1 19 1 4 1.0 1 0.0000 0.0000 83.5
10 2 1 19 1 4 2.0 1 0.0000 0.0000 83.0
18 3 1 18 1 1 0.0 1 0.8000 0.0000 34.0
21 3 1 18 1 1 1.0 1 0.8000 0.0000 41.25
14 3 1 18 1 1 2.0 1 0.8000 0.0000 56.0
20 3 1 18 1 2 0.0 1 0.8000 0.0000 55.5
27 3 1 18 1 2 1.0 1 0.8000 0.0000 67.5
23 3 1 18 1 2 2.0 1 0.8000 0.0000 76.5
12 3 1 15 1 3 0.0 1 0.0000 0.0000 75.5
16 3 1 15 1 3 1.0 1 0.0000 0.0000 76.5
19 3 1 15 1 3 2.0 1 0.0000 0.0000 83.125
15 3 1 15 1 4 0.0 1 0.0000 0.0000 80.125
10 3 1 15 1 4 1.0 1 0.0000 0.0000 86.375
17 3 1 15 1 4 2.0 1 0.0000 0.0000 79.75
23 4 1 30 1 1 0.0 0 0.0000 0.0000 29.5
18 4 1 30 1 1 1.0 0 0.0000 0.0000 46.0
19 4 1 30 1 1 2.0 0 0.0000 0.0000 53.0
21 4 1 30 1 2 0.0 0 0.0000 0.0000 62.75
28 4 1 30 1 2 1.0 0 0.0000 0.0000 75.0
23 4 1 30 1 2 2.0 0 0.0000 0.0000 84.5
15 4 1 16 1 3 0.0 0 2.5000 2.0000 89.875
23 4 1 16 1 3 1.0 0 2.5000 2.0000 88.75
18 4 1 16 1 3 2.0 0 2.5000 2.0000 89.875
15 4 1 16 1 4 0.0 0 2.5000 2.0000 88.125
18 4 1 16 1 4 1.0 0 2.5000 2.0000 93.125
10 4 1 16 1 4 2.0 0 2.5000 2.0000 90.25
96 5 1 94 1 1 0.0 0 0.0000 0.0000 29.0
117 5 1 94 1 1 1.0 0 0.0000 0.0000 39.75
82 5 1 94 1 1 2.0 0 0.0000 0.0000 47.75
113 5 1 94 1 2 0.0 0 0.0000 0.0000 51.5
73 5 1 94 1 2 1.0 0 0.0000 0.0000 61.25
130 5 1 94 1 2 2.0 0 0.0000 0.0000 70.5
92 5 1 82 1 3 0.0 0 0.0000 0.0000 71.0
109 5 1 82 1 3 1.0 0 0.0000 0.0000 79.0
104 5 1 82 1 3 2.0 0 0.0000 0.0000 79.375
84 5 1 82 1 4 0.0 0 0.0000 0.0000 76.875
70 5 1 82 1 4 1.0 0 0.0000 0.0000 68.625
61 5 1 82 1 4 2.0 0 0.0000 0.0000 76.5
117 6 1 93 1 1 0.0 0 0.0000 0.0000 30.25
121 6 1 93 1 1 1.0 0 0.0000 0.0000 37.5
103 6 1 93 1 1 2.0 0 0.0000 0.0000 47.0
127 6 1 93 1 2 0.0 0 0.0000 0.0000 46.25
93 6 1 93 1 2 1.0 0 0.0000 0.0000 57.75
75 6 1 93 1 2 2.0 0 0.0000 0.0000 54.5
127 6 1 113 1 3 0.0 0 0.0000 0.0000 72.625
110 6 1 113 1 3 1.0 0 0.0000 0.0000 78.625
105 6 1 113 1 3 2.0 0 0.0000 0.0000 77.25
56 6 1 113 1 4 0.0 0 0.0000 0.0000 82.75
80 6 1 113 1 4 1.0 0 0.0000 0.0000 80.25
56 6 1 113 1 4 2.0 0 0.0000 0.0000 79.75
111 0 1 146 1 1 0.0 0 0 0 32.6
114 0 1 146 1 1 1.0 0 0 0 52.6
103 0 1 146 1 1 2.0 0 0 0 58.2
131 0 1 146 1 2 0.0 0 0 0 70.8
123 0 1 146 1 2 1.0 0 0 0 88.6
107 0 1 146 1 2 2.0 0 0 0 104.4
109 0 1 103 1 3 0.0 0 0 0 88.7
124 0 1 103 1 3 1.0 0 0 0 91.5
110 0 1 103 1 3 2.0 0 0 0 85.9
53 0 1 103 1 4 0.0 0 0 0 98.9
81 0 1 103 1 4 1.0 0 0 0 97.4
71 0 1 103 1 4 2.0 0 0 0 92.0
130 1 1 93 1 1 0.0 0 0.0000 0.0000 35.25
108 1 1 93 1 1 1.0 0 0.0000 0.0000 49.25
126 1 1 93 1 1 2.0 0 0.0000 0.0000 57.75
129 1 1 93 1 2 0.0 0 0.0000 0.0000 63.75
108 1 1 93 1 2 1.0 0 0.0000 0.0000 85.5
123 1 1 93 1 2 2.0 0 0.0000 0.0000 91.25
75 1 1 103 1 3 0.0 0 0.0000 0.0000 88.625
93 1 1 103 1 3 1.0 0 0.0000 0.0000 85.0
109 1 1 103 1 3 2.0 0 0.0000 0.0000 87.5
66 1 1 103 1 4 0.0 0 0.0000 0.0000 89.25
83 1 1 103 1 4 1.0 0 0.0000 0.0000 83.375
62 1 1 103 1 4 2.0 0 0.0000 0.0000 91.0
114 2 1 103 1 1 0.0 0 0.0000 0.0000 31.75
111 2 1 103 1 1 1.0 0 0.0000 0.0000 46.75
109 2 1 103 1 1 2.0 0 0.0000 0.0000 54.0
122 2 1 103 1 2 0.0 0 0.0000 0.0000 64.75
116 2 1 103 1 2 1.0 0 0.0000 0.0000 66.25
100 2 1 103 1 2 2.0 0 0.0000 0.0000 83.0
89 2 1 115 1 3 0.0 0 0.0000 0.0000 78.375
132 2 1 115 1 3 1.0 0 0.0000 0.0000 82.0
129 2 1 115 1 3 2.0 0 0.0000 0.0000 81.5
48 2 1 115 1 4 0.0 0 0.0000 0.0000 87.875
82 2 1 115 1 4 1.0 0 0.0000 0.0000 83.5
66 2 1 115 1 4 2.0 0 0.0000 0.0000 83.0
107 3 1 105 1 1 0.0 0 0.0000 0.0000 34.0
114 3 1 105 1 1 1.0 0 0.0000 0.0000 41.25
130 3 1 105 1 1 2.0 0 0.0000 0.0000 56.0
122 3 1 105 1 2 0.0 0 0.0000 0.0000 55.5
98 3 1 105 1 2 1.0 0 0.0000 0.0000 67.5
114 3 1 105 1 2 2.0 0 0.0000 0.0000 76.5
114 3 1 99 1 3 0.0 0 0.0000 0.0000 75.5
94 3 1 99 1 3 1.0 0 0.0000 0.0000 76.5
120 3 1 99 1 3 2.0 0 0.0000 0.0000 83.125
53 3 1 99 1 4 0.0 0 0.0000 0.0000 80.125
73 3 1 99 1 4 1.0 0 0.0000 0.0000 86.375
76 3 1 99 1 4 2.0 0 0.0000 0.0000 79.75
108 4 1 120 1 1 0.0 0 0.0000 0.0000 29.5
107 4 1 120 1 1 1.0 0 0.0000 0.0000 46.0
108 4 1 120 1 1 2.0 0 0.0000 0.0000 53.0
126 4 1 120 1 2 0.0 0 0.0000 0.0000 62.75
111 4 1 120 1 2 1.0 0 0.0000 0.0000 75.0
152 4 1 120 1 2 2.0 0 0.0000 0.0000 84.5
122 4 1 114 1 3 0.0 0 0.0000 0.0000 89.875
132 4 1 114 1 3 1.0 0 0.0000 0.0000 88.75
135 4 1 114 1 3 2.0 0 0.0000 0.0000 89.875
89 4 1 114 1 4 0.0 0 0.0000 0.0000 88.125
85 4 1 114 1 4 1.0 0 0.0000 0.0000 93.125
84 4 1 114 1 4 2.0 0 0.0000 0.0000 90.25
73 5 1 72 1 1 0.0 0 0.1000 0.0000 29.0
103 5 1 72 1 1 1.0 0 0.1000 0.0000 39.75
123 5 1 72 1 1 2.0 0 0.1000 0.0000 47.75
110 5 1 72 1 2 0.0 0 0.1000 0.0000 51.5
103 5 1 72 1 2 1.0 0 0.1000 0.0000 61.25
121 5 1 72 1 2 2.0 0 0.1000 0.0000 70.5
85 5 1 93 1 3 0.0 0 0.0000 0.0000 71.0
94 5 1 93 1 3 1.0 0 0.0000 0.0000 79.0
90 5 1 93 1 3 2.0 0 0.0000 0.0000 79.375
67 5 1 93 1 4 0.0 0 0.0000 0.0000 76.875
71 5 1 93 1 4 1.0 0 0.0000 0.0000 68.625
61 5 1 93 1 4 2.0 0 0.0000 0.0000 76.5
47 6 1 39 1 1 0.0 0 0.0000 0.0000 30.25
72 6 1 39 1 1 1.0 0 0.0000 0.0000 37.5
67 6 1 39 1 1 2.0 0 0.0000 0.0000 47.0
100 6 1 39 1 2 0.0 0 0.0000 0.0000 46.25
108 6 1 39 1 2 1.0 0 0.0000 0.0000 57.75
108 6 1 39 1 2 2.0 0 0.0000 0.0000 54.5
98 6 1 105 1 3 0.0 0 0.0000 0.0000 72.625
134 6 1 105 1 3 1.0 0 0.0000 0.0000 78.625
111 6 1 105 1 3 2.0 0 0.0000 0.0000 77.25
76 6 1 105 1 4 0.0 0 0.0000 0.0000 82.75
77 6 1 105 1 4 1.0 0 0.0000 0.0000 80.25
56 6 1 105 1 4 2.0 0 0.0000 0.0000 79.75
132 0 1 130 1 1 0.0 0 0.0000 0.0000 32.6
140 0 1 130 1 1 1.0 0 0.0000 0.0000 52.6
141 0 1 130 1 1 2.0 0 0.0000 0.0000 58.2
161 0 1 130 1 2 0.0 0 0.0000 0.0000 70.8
120 0 1 130 1 2 1.0 0 0.0000 0.0000 88.6
121 0 1 130 1 2 2.0 0 0.0000 0.0000 104.4
112 0 1 104 1 3 0.0 0 0.0000 0.0000 88.7
126 0 1 104 1 3 1.0 0 0.0000 0.0000 91.5
130 0 1 104 1 3 2.0 0 0.0000 0.0000 85.9
52 0 1 104 1 4 0.0 0 0.0000 0.0000 98.9
84 0 1 104 1 4 1.0 0 0.0000 0.0000 97.4
49 0 1 104 1 4 2.0 0 0.0000 0.0000 92.0
129 0 2 97 0 1 0.0 0 0.0000 0.1000 27.25
122 0 2 97 0 1 1.0 0 0.0000 0.1000 31.8
98 0 2 97 0 1 2.0 0 0.0000 0.1000 42.6
89 0 2 97 0 2 0.0 0 0.0000 0.1000 68.4
78 0 2 97 0 2 1.0 0 0.0000 0.1000 87.0
59 0 2 97 0 2 2.0 0 0.0000 0.1000 92.8
85 0 2 99 0 3 0.0 0 0.0000 0.0000 79.0
72 0 2 99 0 3 1.0 0 0.0000 0.0000 81.2
53 0 2 99 0 3 2.0 0 0.0000 0.0000 74.8
55 0 2 99 0 4 0.0 0 0.0000 0.0000 82.11111111111111
50 0 2 99 0 4 1.0 0 0.0000 0.0000 79.44444444444444
49 0 2 99 0 4 2.0 0 0.0000 0.0000 72.66666666666667
112 1 2 93 0 1 0.0 0 0.0000 0.0000 28.666666666666668
111 1 2 93 0 1 1.0 0 0.0000 0.0000 23.75
112 1 2 93 0 1 2.0 0 0.0000 0.0000 37.75
105 1 2 93 0 2 0.0 0 0.0000 0.0000 57.5
99 1 2 93 0 2 1.0 0 0.0000 0.0000 72.25
87 1 2 93 0 2 2.0 0 0.0000 0.0000 76.75
82 1 2 64 0 3 0.0 0 0.0000 0.0000 73.875
86 1 2 64 0 3 1.0 0 0.0000 0.0000 74.25
85 1 2 64 0 3 2.0 0 0.0000 0.0000 75.75
77 1 2 64 0 4 0.0 0 0.0000 0.0000 70.875
60 1 2 64 0 4 1.0 0 0.0000 0.0000 65.625
56 1 2 64 0 4 2.0 0 0.0000 0.0000 62.0
37 2 2 44 0 1 0.0 0 0.0000 0.0000 11.25
30 2 2 44 0 1 1.0 0 0.0000 0.0000 12.75
66 2 2 44 0 1 2.0 0 0.0000 0.0000 28.333333333333332
104 2 2 44 0 2 0.0 0 0.0000 0.0000 43.0
100 2 2 44 0 2 1.0 0 0.0000 0.0000 45.25
80 2 2 44 0 2 2.0 0 0.0000 0.0000 50.0
88 2 2 99 0 3 0.0 0 0.0000 0.0000 45.0
77 2 2 99 0 3 1.0 0 0.0000 0.0000 49.5
83 2 2 99 0 3 2.0 0 0.0000 0.0000 49.625
58 2 2 99 0 4 0.0 0 0.0000 0.0000 53.875
72 2 2 99 0 4 1.0 0 0.0000 0.0000 55.125
49 2 2 99 0 4 2.0 0 0.0000 0.0000 59.125
108 3 2 100 0 1 0.0 0 0.0000 0.0000 17.25
110 3 2 100 0 1 1.0 0 0.0000 0.0000 25.0
101 3 2 100 0 1 2.0 0 0.0000 0.0000 34.5
96 3 2 100 0 2 0.0 0 0.0000 0.0000 58.5
81 3 2 100 0 2 1.0 0 0.0000 0.0000 66.25
65 3 2 100 0 2 2.0 0 0.0000 0.0000 86.5
71 3 2 96 0 3 0.0 0 0.0000 0.0000 74.125
76 3 2 96 0 3 1.0 0 0.0000 0.0000 72.625
70 3 2 96 0 3 2.0 0 0.0000 0.0000 74.125
83 3 2 96 0 4 0.0 0 0.0000 0.0000 72.125
63 3 2 96 0 4 1.0 0 0.0000 0.0000 71.0
53 3 2 96 0 4 2.0 0 0.0000 0.0000 62.875
112 4 2 103 0 1 0.0 0 0.0000 0.0000 21.75
106 4 2 103 0 1 1.0 0 0.0000 0.0000 29.0
118 4 2 103 0 1 2.0 0 0.0000 0.0000 38.75
92 4 2 103 0 2 0.0 0 0.0000 0.0000 62.0
93 4 2 103 0 2 1.0 0 0.0000 0.0000 70.25
76 4 2 103 0 2 2.0 0 0.0000 0.0000 81.0
95 4 2 110 0 3 0.0 0 0.0000 0.0000 84.5
92 4 2 110 0 3 1.0 0 0.0000 0.0000 88.0
95 4 2 110 0 3 2.0 0 0.0000 0.0000 87.75
80 4 2 110 0 4 0.0 0 0.0000 0.0000 77.375
71 4 2 110 0 4 1.0 0 0.0000 0.0000 82.125
80 4 2 110 0 4 2.0 0 0.0000 0.0000 73.875
74 5 2 82 0 1 0.0 0 0.0000 0.0000 23.0
86 5 2 82 0 1 1.0 0 0.0000 0.0000 20.25
91 5 2 82 0 1 2.0 0 0.0000 0.0000 31.666666666666668
94 5 2 82 0 2 0.0 0 0.0000 0.0000 45.666666666666664
96 5 2 82 0 2 1.0 0 0.0000 0.0000 51.0
100 5 2 82 0 2 2.0 0 0.0000 0.0000 70.0
71 5 2 89 0 3 0.0 0 0.0000 0.0000 65.125
89 5 2 89 0 3 1.0 0 0.0000 0.0000 69.875
85 5 2 89 0 3 2.0 0 0.0000 0.0000 68.25
34 5 2 89 0 4 0.0 0 0.0000 0.0000 67.5
1 5 2 89 0 4 2.0 0 0.0000 0.0000 67.375
70 6 2 62 0 1 0.0 0 0.0000 0.0000 21.0
75 6 2 62 0 1 1.0 0 0.0000 0.0000 29.333333333333332
90 6 2 62 0 1 2.0 0 0.0000 0.0000 36.0
64 6 2 62 0 2 0.0 0 0.0000 0.0000 43.666666666666664
104 6 2 62 0 2 1.0 0 0.0000 0.0000 71.0
93 6 2 62 0 2 2.0 0 0.0000 0.0000 73.33333333333333
84 6 2 74 0 3 0.0 0 0.0000 0.0000 75.71428571428571
77 6 2 74 0 3 1.0 0 0.0000 0.0000 69.0
56 6 2 74 0 3 2.0 0 0.0000 0.0000 68.125
71 6 2 74 0 4 0.0 0 0.0000 0.0000 66.375
66 6 2 74 0 4 1.0 0 0.0000 0.0000 72.125
41 6 2 74 0 4 2.0 0 0.0000 0.0000 61.625
117 0 2 126 0 1 0.0 0 0.0000 0.0000 27.25
130 0 2 126 0 1 1.0 0 0.0000 0.0000 31.8
121 0 2 126 0 1 2.0 0 0.0000 0.0000 42.6
126 0 2 126 0 2 0.0 0 0.0000 0.0000 68.4
120 0 2 126 0 2 1.0 0 0.0000 0.0000 87.0
81 0 2 126 0 2 2.0 0 0.0000 0.0000 92.8
71 0 2 73 0 3 0.0 0 0.0000 0.0000 79.0
67 0 2 73 0 3 1.0 0 0.0000 0.0000 81.2
63 0 2 73 0 3 2.0 0 0.0000 0.0000 74.8
63 0 2 73 0 4 0.0 0 0.0000 0.0000 82.11111111111111
52 0 2 73 0 4 1.0 0 0.0000 0.0000 79.44444444444444
48 0 2 73 0 4 2.0 0 0.0000 0.0000 72.66666666666667
128 1 2 104 0 1 0.0 0 0.0000 0.0000 28.666666666666668
117 1 2 104 0 1 1.0 0 0.0000 0.0000 23.75
131 1 2 104 0 1 2.0 0 0.0000 0.0000 37.75
111 1 2 104 0 2 0.0 0 0.0000 0.0000 57.5
90 1 2 104 0 2 1.0 0 0.0000 0.0000 72.25
94 1 2 104 0 2 2.0 0 0.0000 0.0000 76.75
93 1 2 83 0 3 0.0 0 0.0000 1.2000 73.875
21 1 2 83 0 3 1.0 0 0.0000 1.2000 74.25
59 1 2 83 0 3 2.0 0 0.0000 1.2000 75.75
43 1 2 83 0 4 0.0 0 0.0000 1.2000 70.875
64 1 2 83 0 4 1.0 0 0.0000 1.2000 65.625
60 1 2 83 0 4 2.0 0 0.0000 1.2000 62.0
32 2 2 34 0 1 0.0 0 5.5000 1.3000 11.25
41 2 2 34 0 1 1.0 0 5.5000 1.3000 12.75
35 2 2 34 0 1 2.0 0 5.5000 1.3000 28.333333333333332
35 2 2 34 0 2 0.0 0 5.5000 1.3000 43.0
23 2 2 34 0 2 1.0 0 5.5000 1.3000 45.25
21 2 2 34 0 2 2.0 0 5.5000 1.3000 50.0
56 2 2 76 0 3 0.0 0 1.8000 1.2000 45.0
79 2 2 76 0 3 1.0 0 1.8000 1.2000 49.5
69 2 2 76 0 3 2.0 0 1.8000 1.2000 49.625
43 2 2 76 0 4 0.0 0 1.8000 1.2000 53.875
54 2 2 76 0 4 1.0 0 1.8000 1.2000 55.125
52 2 2 76 0 4 2.0 0 1.8000 1.2000 59.125
105 3 2 88 0 1 0.0 0 0.1000 1.4000 17.25
99 3 2 88 0 1 1.0 0 0.1000 1.4000 25.0
114 3 2 88 0 1 2.0 0 0.1000 1.4000 34.5
117 3 2 88 0 2 0.0 0 0.1000 1.4000 58.5
102 3 2 88 0 2 1.0 0 0.1000 1.4000 66.25
82 3 2 88 0 2 2.0 0 0.1000 1.4000 86.5
78 3 2 86 0 3 0.0 0 0.3000 0.2000 74.125
70 3 2 86 0 3 1.0 0 0.3000 0.2000 72.625
71 3 2 86 0 3 2.0 0 0.3000 0.2000 74.125
70 3 2 86 0 4 0.0 0 0.3000 0.2000 72.125
67 3 2 86 0 4 1.0 0 0.3000 0.2000 71.0
58 3 2 86 0 4 2.0 0 0.3000 0.2000 62.875
114 4 2 104 0 1 0.0 0 0.0000 0.0000 21.75
104 4 2 104 0 1 1.0 0 0.0000 0.0000 29.0
107 4 2 104 0 1 2.0 0 0.0000 0.0000 38.75
91 4 2 104 0 2 0.0 0 0.0000 0.0000 62.0
92 4 2 104 0 2 1.0 0 0.0000 0.0000 70.25
75 4 2 104 0 2 2.0 0 0.0000 0.0000 81.0
131 4 2 143 0 3 0.0 0 0.0000 0.0000 84.5
133 4 2 143 0 3 1.0 0 0.0000 0.0000 88.0
52 4 2 143 0 3 2.0 0 0.0000 0.0000 87.75
25 4 2 143 0 4 0.0 0 0.0000 0.0000 77.375
32 4 2 143 0 4 1.0 0 0.0000 0.0000 82.125
27 4 2 143 0 4 2.0 0 0.0000 0.0000 73.875
14 5 2 20 0 1 0.0 1 0.0000 0.0000 23.0
14 5 2 20 0 1 1.0 1 0.0000 0.0000 20.25
10 5 2 20 0 1 2.0 1 0.0000 0.0000 31.666666666666668
11 5 2 20 0 2 0.0 1 0.0000 0.0000 45.666666666666664
13 5 2 20 0 2 1.0 1 0.0000 0.0000 51.0
9 5 2 20 0 2 2.0 1 0.0000 0.0000 70.0
12 5 2 13 0 3 0.0 1 0.0000 0.0000 65.125
9 5 2 13 0 3 1.0 1 0.0000 0.0000 69.875
4 5 2 13 0 3 2.0 1 0.0000 0.0000 68.25
7 5 2 13 0 4 0.0 1 0.0000 0.0000 67.5
6 5 2 13 0 4 1.0 1 0.0000 0.0000 71.125
5 5 2 13 0 4 2.0 1 0.0000 0.0000 67.375
15 6 2 76.46428571428571 0 1 1.0 1 0.0000 0.0000 29.333333333333332
18 6 2 76.46428571428571 0 1 2.0 1 0.0000 0.0000 36.0
14 6 2 76.46428571428571 0 2 0.0 1 0.0000 0.0000 43.666666666666664
11 6 2 76.46428571428571 0 2 1.0 1 0.0000 0.0000 71.0
8 6 2 76.46428571428571 0 2 2.0 1 0.0000 0.0000 73.33333333333333
11 6 2 8 0 3 0.0 1 0.0000 0.0000 75.71428571428571
10 6 2 8 0 3 1.0 1 0.0000 0.0000 69.0
4 6 2 8 0 3 2.0 1 0.0000 0.0000 68.125
2 6 2 8 0 4 0.0 1 0.0000 0.0000 66.375
3 6 2 8 0 4 1.0 1 0.0000 0.0000 72.125
2 6 2 8 0 4 2.0 1 0.0000 0.0000 61.625
8 0 2 7 0 1 0.0 1 0.0000 0.0000 27.25
8 0 2 7 0 1 1.0 1 0.0000 0.0000 31.8
6 0 2 7 0 1 2.0 1 0.0000 0.0000 42.6
5 0 2 8 0 3 0.0 1 0.0000 0.0000 79.0
7 0 2 8 0 3 1.0 1 0.0000 0.0000 81.2
5 0 2 8 0 3 2.0 1 0.0000 0.0000 74.8
3 0 2 8 0 4 0.0 1 0.0000 0.0000 82.11111111111111
9 0 2 8 0 4 1.0 1 0.0000 0.0000 79.44444444444444
4 0 2 8 0 4 2.0 1 0.0000 0.0000 72.66666666666667
4 1 2 7 0 1 0.0 1 0.0000 0.0000 28.666666666666668
8 1 2 7 0 1 1.0 1 0.0000 0.0000 23.75
8 1 2 7 0 1 2.0 1 0.0000 0.0000 37.75
10 1 2 7 0 2 0.0 1 0.0000 0.0000 57.5
9 1 2 7 0 2 1.0 1 0.0000 0.0000 72.25
11 1 2 7 0 2 2.0 1 0.0000 0.0000 76.75
19 1 2 12 0 3 0.0 1 0.0000 0.0000 73.875
15 1 2 12 0 3 1.0 1 0.0000 0.0000 74.25
8 1 2 12 0 3 2.0 1 0.0000 0.0000 75.75
6 1 2 12 0 4 0.0 1 0.0000 0.0000 70.875
9 1 2 12 0 4 1.0 1 0.0000 0.0000 65.625
7 1 2 12 0 4 2.0 1 0.0000 0.0000 62.0
12 2 2 3 0 1 0.0 1 0.0000 0.0000 11.25
15 2 2 3 0 1 1.0 1 0.0000 0.0000 12.75
10 2 2 3 0 1 2.0 1 0.0000 0.0000 28.333333333333332
5 2 2 3 0 2 0.0 1 0.0000 0.0000 43.0
14 2 2 3 0 2 1.0 1 0.0000 0.0000 45.25
10 2 2 3 0 2 2.0 1 0.0000 0.0000 50.0
23 2 2 19 0 3 0.0 1 0.0000 0.0000 45.0
16 2 2 19 0 3 1.0 1 0.0000 0.0000 49.5
12 2 2 19 0 3 2.0 1 0.0000 0.0000 49.625
10 2 2 19 0 4 0.0 1 0.0000 0.0000 53.875
12 2 2 19 0 4 1.0 1 0.0000 0.0000 55.125
5 2 2 19 0 4 2.0 1 0.0000 0.0000 59.125
8 3 2 13 0 1 0.0 1 0.8000 0.0000 17.25
7 3 2 13 0 1 1.0 1 0.8000 0.0000 25.0
19 3 2 13 0 1 2.0 1 0.8000 0.0000 34.5
16 3 2 13 0 2 0.0 1 0.8000 0.0000 58.5
12 3 2 13 0 2 1.0 1 0.8000 0.0000 66.25
12 3 2 13 0 2 2.0 1 0.8000 0.0000 86.5
18 3 2 11 0 3 0.0 1 0.0000 0.0000 74.125
11 3 2 11 0 3 1.0 1 0.0000 0.0000 72.625
11 3 2 11 0 3 2.0 1 0.0000 0.0000 74.125
14 3 2 11 0 4 0.0 1 0.0000 0.0000 72.125
5 3 2 11 0 4 1.0 1 0.0000 0.0000 71.0
8 3 2 11 0 4 2.0 1 0.0000 0.0000 62.875
8 4 2 9 0 1 0.0 0 0.0000 0.0000 21.75
14 4 2 9 0 1 1.0 0 0.0000 0.0000 29.0
9 4 2 9 0 1 2.0 0 0.0000 0.0000 38.75
11 4 2 9 0 2 0.0 0 0.0000 0.0000 62.0
7 4 2 9 0 2 1.0 0 0.0000 0.0000 70.25
10 4 2 9 0 2 2.0 0 0.0000 0.0000 81.0
7 4 2 13 0 3 0.0 0 2.5000 2.0000 84.5
12 4 2 13 0 3 1.0 0 2.5000 2.0000 88.0
9 4 2 13 0 3 2.0 0 2.5000 2.0000 87.75
9 4 2 13 0 4 0.0 0 2.5000 2.0000 77.375
6 4 2 13 0 4 1.0 0 2.5000 2.0000 82.125
6 4 2 13 0 4 2.0 0 2.5000 2.0000 73.875
106 5 2 97 0 1 0.0 0 0.0000 0.0000 23.0
93 5 2 97 0 1 1.0 0 0.0000 0.0000 20.25
83 5 2 97 0 1 2.0 0 0.0000 0.0000 31.666666666666668
83 5 2 97 0 2 0.0 0 0.0000 0.0000 45.666666666666664
99 5 2 97 0 2 1.0 0 0.0000 0.0000 51.0
86 5 2 97 0 2 2.0 0 0.0000 0.0000 70.0
63 5 2 56 0 3 0.0 0 0.0000 0.0000 65.125
60 5 2 56 0 3 1.0 0 0.0000 0.0000 69.875
60 5 2 56 0 3 2.0 0 0.0000 0.0000 68.25
46 5 2 56 0 4 0.0 0 0.0000 0.0000 67.5
54 5 2 56 0 4 1.0 0 0.0000 0.0000 71.125
37 5 2 56 0 4 2.0 0 0.0000 0.0000 67.375
125 6 2 100 0 1 0.0 0 0.0000 0.0000 21.0
114 6 2 100 0 1 1.0 0 0.0000 0.0000 29.333333333333332
113 6 2 100 0 1 2.0 0 0.0000 0.0000 36.0
125 6 2 100 0 2 0.0 0 0.0000 0.0000 43.666666666666664
94 6 2 100 0 2 1.0 0 0.0000 0.0000 71.0
80 6 2 100 0 2 2.0 0 0.0000 0.0000 73.33333333333333
69 6 2 72 0 3 0.0 0 0.0000 0.0000 75.71428571428571
83 6 2 72 0 3 1.0 0 0.0000 0.0000 69.0
73 6 2 72 0 3 2.0 0 0.0000 0.0000 68.125
70 6 2 72 0 4 0.0 0 0.0000 0.0000 66.375
48 6 2 72 0 4 1.0 0 0.0000 0.0000 72.125
54 6 2 72 0 4 2.0 0 0.0000 0.0000 61.625
129 0 2 115 0 1 0.0 0 0 0 27.25
120 0 2 115 0 1 1.0 0 0 0 31.8
117 0 2 115 0 1 2.0 0 0 0 42.6
121 0 2 115 0 2 0.0 0 0 0 68.4
92 0 2 115 0 2 1.0 0 0 0 87.0
90 0 2 115 0 2 2.0 0 0 0 92.8
85 0 2 81 0 3 0.0 0 0 0 79.0
65 0 2 81 0 3 1.0 0 0 0 81.2
55 0 2 81 0 3 2.0 0 0 0 74.8
59 0 2 81 0 4 0.0 0 0 0 82.11111111111111
53 0 2 81 0 4 1.0 0 0 0 79.44444444444444
41 0 2 81 0 4 2.0 0 0 0 72.66666666666667
122 1 2 103 0 1 0.0 0 0.0000 0.0000 28.666666666666668
106 1 2 103 0 1 1.0 0 0.0000 0.0000 23.75
123 1 2 103 0 1 2.0 0 0.0000 0.0000 37.75
106 1 2 103 0 2 0.0 0 0.0000 0.0000 57.5
92 1 2 103 0 2 1.0 0 0.0000 0.0000 72.25
71 1 2 103 0 2 2.0 0 0.0000 0.0000 76.75
95 1 2 74 0 3 0.0 0 0.0000 0.0000 73.875
66 1 2 74 0 3 1.0 0 0.0000 0.0000 74.25
76 1 2 74 0 3 2.0 0 0.0000 0.0000 75.75
54 1 2 74 0 4 0.0 0 0.0000 0.0000 70.875
56 1 2 74 0 4 1.0 0 0.0000 0.0000 65.625
50 1 2 74 0 4 2.0 0 0.0000 0.0000 62.0
129 2 2 119 0 1 0.0 0 0.0000 0.0000 11.25
124 2 2 119 0 1 1.0 0 0.0000 0.0000 12.75
114 2 2 119 0 1 2.0 0 0.0000 0.0000 28.333333333333332
112 2 2 119 0 2 0.0 0 0.0000 0.0000 43.0
108 2 2 119 0 2 1.0 0 0.0000 0.0000 45.25
86 2 2 119 0 2 2.0 0 0.0000 0.0000 50.0
81 2 2 82 0 3 0.0 0 0.0000 0.0000 45.0
82 2 2 82 0 3 1.0 0 0.0000 0.0000 49.5
76 2 2 82 0 3 2.0 0 0.0000 0.0000 49.625
66 2 2 82 0 4 0.0 0 0.0000 0.0000 53.875
66 2 2 82 0 4 1.0 0 0.0000 0.0000 55.125
55 2 2 82 0 4 2.0 0 0.0000 0.0000 59.125
112 3 2 145 0 1 0.0 0 0.0000 0.0000 17.25
121 3 2 145 0 1 1.0 0 0.0000 0.0000 25.0
121 3 2 145 0 1 2.0 0 0.0000 0.0000 34.5
127 3 2 145 0 2 0.0 0 0.0000 0.0000 58.5
101 3 2 145 0 2 1.0 0 0.0000 0.0000 66.25
77 3 2 145 0 2 2.0 0 0.0000 0.0000 86.5
77 3 2 74 0 3 0.0 0 0.0000 0.0000 74.125
80 3 2 74 0 3 1.0 0 0.0000 0.0000 72.625
80 3 2 74 0 3 2.0 0 0.0000 0.0000 74.125
73 3 2 74 0 4 0.0 0 0.0000 0.0000 72.125
70 3 2 74 0 4 1.0 0 0.0000 0.0000 71.0
52 3 2 74 0 4 2.0 0 0.0000 0.0000 62.875
112 4 2 108 0 1 0.0 0 0.0000 0.0000 21.75
132 4 2 108 0 1 1.0 0 0.0000 0.0000 29.0
141 4 2 108 0 1 2.0 0 0.0000 0.0000 38.75
105 4 2 108 0 2 0.0 0 0.0000 0.0000 62.0
117 4 2 108 0 2 1.0 0 0.0000 0.0000 70.25
77 4 2 108 0 2 2.0 0 0.0000 0.0000 81.0
83 4 2 87 0 3 0.0 0 0.0000 0.0000 84.5
98 4 2 87 0 3 1.0 0 0.0000 0.0000 88.0
79 4 2 87 0 3 2.0 0 0.0000 0.0000 87.75
71 4 2 87 0 4 0.0 0 0.0000 0.0000 77.375
89 4 2 87 0 4 1.0 0 0.0000 0.0000 82.125
69 4 2 87 0 4 2.0 0 0.0000 0.0000 73.875
101 5 2 81 0 1 0.0 0 0.1000 0.0000 23.0
118 5 2 81 0 1 1.0 0 0.1000 0.0000 20.25
103 5 2 81 0 1 2.0 0 0.1000 0.0000 31.666666666666668
108 5 2 81 0 2 0.0 0 0.1000 0.0000 45.666666666666664
124 5 2 81 0 2 1.0 0 0.1000 0.0000 51.0
95 5 2 81 0 2 2.0 0 0.1000 0.0000 70.0
72 5 2 91 0 3 0.0 0 0.0000 0.0000 65.125
84 5 2 91 0 3 1.0 0 0.0000 0.0000 69.875
50 5 2 91 0 3 2.0 0 0.0000 0.0000 68.25
41 5 2 91 0 4 0.0 0 0.0000 0.0000 67.5
35 5 2 91 0 4 1.0 0 0.0000 0.0000 71.125
37 5 2 91 0 4 2.0 0 0.0000 0.0000 67.375
81 6 2 58 0 1 0.0 0 0.0000 0.0000 21.0
92 6 2 58 0 1 1.0 0 0.0000 0.0000 29.333333333333332
99 6 2 58 0 1 2.0 0 0.0000 0.0000 36.0
95 6 2 58 0 2 0.0 0 0.0000 0.0000 43.666666666666664
107 6 2 58 0 2 1.0 0 0.0000 0.0000 71.0
87 6 2 58 0 2 2.0 0 0.0000 0.0000 73.33333333333333
82 6 2 71 0 3 0.0 0 0.0000 0.0000 75.71428571428571
65 6 2 71 0 3 1.0 0 0.0000 0.0000 69.0
74 6 2 71 0 3 2.0 0 0.0000 0.0000 68.125
46 6 2 71 0 4 0.0 0 0.0000 0.0000 66.375
54 6 2 71 0 4 1.0 0 0.0000 0.0000 72.125
32 6 2 71 0 4 2.0 0 0.0000 0.0000 61.625
130 0 2 119 0 1 0.0 0 0.0000 0.0000 27.25
133 0 2 119 0 1 1.0 0 0.0000 0.0000 31.8
109 0 2 119 0 1 2.0 0 0.0000 0.0000 42.6
114 0 2 119 0 2 0.0 0 0.0000 0.0000 68.4
102 0 2 119 0 2 1.0 0 0.0000 0.0000 87.0
91 0 2 119 0 2 2.0 0 0.0000 0.0000 92.8
86 0 2 72 0 3 0.0 0 0.0000 0.0000 79.0
83 0 2 72 0 3 1.0 0 0.0000 0.0000 81.2
58 0 2 72 0 3 2.0 0 0.0000 0.0000 74.8
56 0 2 72 0 4 0.0 0 0.0000 0.0000 82.11111111111111
53 0 2 72 0 4 1.0 0 0.0000 0.0000 79.44444444444444
53 0 2 72 0 4 2.0 0 0.0000 0.0000 72.66666666666667
161 0 3 153 0 1 0.0 0 0.0000 0.1000 36.4
167 0 3 153 0 1 1.0 0 0.0000 0.1000 60.6
138 0 3 153 0 1 2.0 0 0.0000 0.1000 77.0
174 0 3 153 0 2 0.0 0 0.0000 0.1000 126.0
144 0 3 153 0 2 1.0 0 0.0000 0.1000 137.6
148 0 3 153 0 2 2.0 0 0.0000 0.1000 145.0
110 0 3 116 0 3 0.0 0 0.0000 0.0000 135.0
118 0 3 116 0 3 1.0 0 0.0000 0.0000 134.5
95 0 3 116 0 3 2.0 0 0.0000 0.0000 129.5
94 0 3 116 0 4 0.0 0 0.0000 0.0000 136.3
56 0 3 116 0 4 1.0 0 0.0000 0.0000 129.8
61 0 3 116 0 4 2.0 0 0.0000 0.0000 124.5
145 1 3 136 0 1 0.0 0 0.0000 0.0000 31.5
173 1 3 136 0 1 1.0 0 0.0000 0.0000 42.25
154 1 3 136 0 1 2.0 0 0.0000 0.0000 83.25
144 1 3 136 0 2 0.0 0 0.0000 0.0000 106.5
142 1 3 136 0 2 1.0 0 0.0000 0.0000 125.0
144 1 3 136 0 2 2.0 0 0.0000 0.0000 134.0
126 1 3 122 0 3 0.0 0 0.0000 0.0000 139.625
116 1 3 122 0 3 1.0 0 0.0000 0.0000 135.25
95 1 3 122 0 3 2.0 0 0.0000 0.0000 145.75
81 1 3 122 0 4 0.0 0 0.0000 0.0000 135.75
100 1 3 122 0 4 1.0 0 0.0000 0.0000 124.75
63 1 3 122 0 4 2.0 0 0.0000 0.0000 132.875
135 2 3 151 0 1 0.0 0 0.0000 0.0000 33.25
163 2 3 151 0 1 1.0 0 0.0000 0.0000 50.5
120 2 3 151 0 1 2.0 0 0.0000 0.0000 84.25
139 2 3 151 0 2 0.0 0 0.0000 0.0000 110.0
120 2 3 151 0 2 1.0 0 0.0000 0.0000 121.25
130 2 3 151 0 2 2.0 0 0.0000 0.0000 140.0
118 2 3 124 0 3 0.0 0 0.0000 0.0000 131.125
116 2 3 124 0 3 1.0 0 0.0000 0.0000 140.875
100 2 3 124 0 3 2.0 0 0.0000 0.0000 133.5
90 2 3 124 0 4 0.0 0 0.0000 0.0000 137.125
72 2 3 124 0 4 1.0 0 0.0000 0.0000 124.875
52 2 3 124 0 4 2.0 0 0.0000 0.0000 127.75
164 3 3 134 0 1 0.0 0 0.0000 0.0000 29.75
160 3 3 134 0 1 1.0 0 0.0000 0.0000 42.25
172 3 3 134 0 1 2.0 0 0.0000 0.0000 80.0
151 3 3 134 0 2 0.0 0 0.0000 0.0000 110.25
132 3 3 134 0 2 1.0 0 0.0000 0.0000 123.25
101 3 3 134 0 2 2.0 0 0.0000 0.0000 131.75
131 3 3 146 0 3 0.0 0 0.0000 0.0000 127.625
122 3 3 146 0 3 1.0 0 0.0000 0.0000 128.625
117 3 3 146 0 3 2.0 0 0.0000 0.0000 136.375
83 3 3 146 0 4 0.0 0 0.0000 0.0000 124.375
86 3 3 146 0 4 1.0 0 0.0000 0.0000 129.75
65 3 3 146 0 4 2.0 0 0.0000 0.0000 126.375
149 4 3 152 0 1 0.0 0 0.0000 0.0000 29.5
132 4 3 152 0 1 1.0 0 0.0000 0.0000 56.75
161 4 3 152 0 1 2.0 0 0.0000 0.0000 75.25
176 4 3 152 0 2 0.0 0 0.0000 0.0000 108.0
157 4 3 152 0 2 1.0 0 0.0000 0.0000 122.5
137 4 3 152 0 2 2.0 0 0.0000 0.0000 139.25
130 4 3 146 0 3 0.0 0 0.0000 0.0000 150.25
108 4 3 146 0 3 1.0 0 0.0000 0.0000 152.5
137 4 3 146 0 3 2.0 0 0.0000 0.0000 156.25
98 4 3 146 0 4 0.0 0 0.0000 0.0000 162.875
129 4 3 146 0 4 1.0 0 0.0000 0.0000 148.625
80 4 3 146 0 4 2.0 0 0.0000 0.0000 143.0
114 5 3 104 0 1 0.0 0 0.0000 0.0000 34.0
121 5 3 104 0 1 1.0 0 0.0000 0.0000 61.5
127 5 3 104 0 1 2.0 0 0.0000 0.0000 76.75
117 5 3 104 0 2 0.0 0 0.0000 0.0000 100.0
113 5 3 104 0 2 1.0 0 0.0000 0.0000 105.25
134 5 3 104 0 2 2.0 0 0.0000 0.0000 119.75
167 5 3 152 0 3 0.0 0 0.0000 0.0000 121.625
124 5 3 152 0 3 1.0 0 0.0000 0.0000 128.625
102 5 3 152 0 3 2.0 0 0.0000 0.0000 122.75
108 5 3 152 0 4 0.0 0 0.0000 0.0000 131.375
108 5 3 152 0 4 1.0 0 0.0000 0.0000 126.0
92 5 3 152 0 4 2.0 0 0.0000 0.0000 123.375
115 6 3 88 0 1 0.0 0 0.0000 0.0000 30.25
88 6 3 88 0 1 1.0 0 0.0000 0.0000 43.75
110 6 3 88 0 1 2.0 0 0.0000 0.0000 66.75
92 6 3 88 0 2 0.0 0 0.0000 0.0000 79.25
125 6 3 88 0 2 1.0 0 0.0000 0.0000 90.5
110 6 3 88 0 2 2.0 0 0.0000 0.0000 91.75
119 6 3 140 0 3 0.0 0 0.0000 0.0000 122.5
110 6 3 140 0 3 1.0 0 0.0000 0.0000 126.5
105 6 3 140 0 3 2.0 0 0.0000 0.0000 119.625
94 6 3 140 0 4 0.0 0 0.0000 0.0000 123.125
85 6 3 140 0 4 1.0 0 0.0000 0.0000 121.0
78 6 3 140 0 4 2.0 0 0.0000 0.0000 115.625
180 0 3 151 0 1 0.0 0 0.0000 0.0000 36.4
172 0 3 151 0 1 1.0 0 0.0000 0.0000 60.6
170 0 3 151 0 1 2.0 0 0.0000 0.0000 77.0
136 0 3 151 0 2 0.0 0 0.0000 0.0000 126.0
148 0 3 151 0 2 1.0 0 0.0000 0.0000 137.6
117 0 3 151 0 2 2.0 0 0.0000 0.0000 145.0
120 0 3 136 0 3 0.0 0 0.0000 0.0000 135.0
106 0 3 136 0 3 1.0 0 0.0000 0.0000 134.5
101 0 3 136 0 3 2.0 0 0.0000 0.0000 129.5
95 0 3 136 0 4 0.0 0 0.0000 0.0000 136.3
88 0 3 136 0 4 1.0 0 0.0000 0.0000 129.8
62 0 3 136 0 4 2.0 0 0.0000 0.0000 124.5
188 1 3 142 0 1 0.0 0 0.0000 0.0000 31.5
137 1 3 142 0 1 1.0 0 0.0000 0.0000 42.25
189 1 3 142 0 1 2.0 0 0.0000 0.0000 83.25
150 1 3 142 0 2 0.0 0 0.0000 0.0000 106.5
127 1 3 142 0 2 1.0 0 0.0000 0.0000 125.0
123 1 3 142 0 2 2.0 0 0.0000 0.0000 134.0
138 1 3 153 0 3 0.0 0 0.0000 1.2000 139.625
140 1 3 153 0 3 1.0 0 0.0000 1.2000 135.25
104 1 3 153 0 3 2.0 0 0.0000 1.2000 145.75
92 1 3 153 0 4 0.0 0 0.0000 1.2000 135.75
72 1 3 153 0 4 1.0 0 0.0000 1.2000 124.75
74 1 3 153 0 4 2.0 0 0.0000 1.2000 132.875
139 2 3 135 0 1 0.0 0 5.5000 1.3000 33.25
148 2 3 135 0 1 1.0 0 5.5000 1.3000 50.5
156 2 3 135 0 1 2.0 0 5.5000 1.3000 84.25
145 2 3 135 0 2 0.0 0 5.5000 1.3000 110.0
132 2 3 135 0 2 1.0 0 5.5000 1.3000 121.25
133 2 3 135 0 2 2.0 0 5.5000 1.3000 140.0
115 2 3 129 0 3 0.0 0 1.8000 1.2000 131.125
114 2 3 129 0 3 1.0 0 1.8000 1.2000 140.875
125 2 3 129 0 3 2.0 0 1.8000 1.2000 133.5
77 2 3 129 0 4 0.0 0 1.8000 1.2000 137.125
66 2 3 129 0 4 1.0 0 1.8000 1.2000 124.875
70 2 3 129 0 4 2.0 0 1.8000 1.2000 127.75
149 3 3 121 0 1 0.0 0 0.1000 1.4000 29.75
141 3 3 121 0 1 1.0 0 0.1000 1.4000 42.25
145 3 3 121 0 1 2.0 0 0.1000 1.4000 80.0
128 3 3 121 0 2 0.0 0 0.1000 1.4000 110.25
106 3 3 121 0 2 1.0 0 0.1000 1.4000 123.25
105 3 3 121 0 2 2.0 0 0.1000 1.4000 131.75
105 3 3 122 0 3 0.0 0 0.3000 0.2000 127.625
110 3 3 122 0 3 1.0 0 0.3000 0.2000 128.625
90 3 3 122 0 3 2.0 0 0.3000 0.2000 136.375
42 3 3 122 0 4 0.0 0 0.3000 0.2000 124.375
9 3 3 122 0 4 1.0 0 0.3000 0.2000 129.75
43 3 3 122 0 4 2.0 0 0.3000 0.2000 126.375
148 4 3 134 0 1 0.0 0 0.0000 0.0000 29.5
177 4 3 134 0 1 1.0 0 0.0000 0.0000 56.75
119 4 3 134 0 1 2.0 0 0.0000 0.0000 75.25
179 4 3 134 0 2 0.0 0 0.0000 0.0000 108.0
144 4 3 134 0 2 1.0 0 0.0000 0.0000 122.5
105 4 3 134 0 2 2.0 0 0.0000 0.0000 139.25
216 4 3 205 0 3 0.0 0 0.0000 0.0000 150.25
208 4 3 205 0 3 1.0 0 0.0000 0.0000 152.5
141 4 3 205 0 3 2.0 0 0.0000 0.0000 156.25
152 4 3 205 0 4 0.0 0 0.0000 0.0000 162.875
140 4 3 205 0 4 1.0 0 0.0000 0.0000 148.625
116 4 3 205 0 4 2.0 0 0.0000 0.0000 143.0
107 5 3 134 0 1 0.0 1 0.0000 0.0000 34.0
136 5 3 134 0 1 1.0 1 0.0000 0.0000 61.5
145 5 3 134 0 1 2.0 1 0.0000 0.0000 76.75
165 5 3 134 0 2 0.0 1 0.0000 0.0000 100.0
171 5 3 134 0 2 1.0 1 0.0000 0.0000 105.25
122 5 3 134 0 2 2.0 1 0.0000 0.0000 119.75
72 5 3 103 0 3 0.0 1 0.0000 0.0000 121.625
93 5 3 103 0 3 1.0 1 0.0000 0.0000 128.625
90 5 3 103 0 3 2.0 1 0.0000 0.0000 122.75
89 5 3 103 0 4 0.0 1 0.0000 0.0000 131.375
61 5 3 103 0 4 1.0 1 0.0000 0.0000 126.0
71 5 3 103 0 4 2.0 1 0.0000 0.0000 123.375
133 6 3 95 0 1 0.0 1 0.0000 0.0000 30.25
141 6 3 95 0 1 1.0 1 0.0000 0.0000 43.75
146 6 3 95 0 1 2.0 1 0.0000 0.0000 66.75
175 6 3 95 0 2 0.0 1 0.0000 0.0000 79.25
161 6 3 95 0 2 1.0 1 0.0000 0.0000 90.5
147 6 3 95 0 2 2.0 1 0.0000 0.0000 91.75
98 6 3 94 0 3 0.0 1 0.0000 0.0000 122.5
100 6 3 94 0 3 1.0 1 0.0000 0.0000 126.5
98 6 3 94 0 3 2.0 1 0.0000 0.0000 119.625
80 6 3 94 0 4 0.0 1 0.0000 0.0000 123.125
62 6 3 94 0 4 1.0 1 0.0000 0.0000 121.0
67 6 3 94 0 4 2.0 1 0.0000 0.0000 115.625
131 0 3 105 0 1 0.0 1 0.0000 0.0000 36.4
136 0 3 105 0 1 1.0 1 0.0000 0.0000 60.6
139 0 3 105 0 1 2.0 1 0.0000 0.0000 77.0
200 0 3 105 0 2 0.0 1 0.0000 0.0000 126.0
155 0 3 105 0 2 1.0 1 0.0000 0.0000 137.6
209 0 3 105 0 2 2.0 1 0.0000 0.0000 145.0
97 0 3 90 0 3 0.0 1 0.0000 0.0000 135.0
96 0 3 90 0 3 1.0 1 0.0000 0.0000 134.5
92 0 3 90 0 3 2.0 1 0.0000 0.0000 129.5
79 0 3 90 0 4 0.0 1 0.0000 0.0000 136.3
78 0 3 90 0 4 1.0 1 0.0000 0.0000 129.8
72 0 3 90 0 4 2.0 1 0.0000 0.0000 124.5
123 1 3 111 0 1 0.0 1 0.0000 0.0000 31.5
132 1 3 111 0 1 1.0 1 0.0000 0.0000 42.25
171 1 3 111 0 1 2.0 1 0.0000 0.0000 83.25
170 1 3 111 0 2 0.0 1 0.0000 0.0000 106.5
149 1 3 111 0 2 1.0 1 0.0000 0.0000 125.0
108 1 3 111 0 2 2.0 1 0.0000 0.0000 134.0
127 1 3 170 0 3 0.0 1 0.0000 0.0000 139.625
95 1 3 170 0 3 1.0 1 0.0000 0.0000 135.25
111 1 3 170 0 3 2.0 1 0.0000 0.0000 145.75
112 1 3 170 0 4 0.0 1 0.0000 0.0000 135.75
85 1 3 170 0 4 1.0 1 0.0000 0.0000 124.75
94 1 3 170 0 4 2.0 1 0.0000 0.0000 132.875
150 2 3 121 0 1 0.0 1 0.0000 0.0000 33.25
150 2 3 121 0 1 1.0 1 0.0000 0.0000 50.5
157 2 3 121 0 1 2.0 1 0.0000 0.0000 84.25
149 2 3 121 0 2 0.0 1 0.0000 0.0000 110.0
170 2 3 121 0 2 1.0 1 0.0000 0.0000 121.25
104 2 3 121 0 2 2.0 1 0.0000 0.0000 140.0
154 2 3 176 0 3 0.0 1 0.0000 0.0000 131.125
129 2 3 176 0 3 1.0 1 0.0000 0.0000 140.875
108 2 3 176 0 3 2.0 1 0.0000 0.0000 133.5
111 2 3 176 0 4 0.0 1 0.0000 0.0000 137.125
99 2 3 176 0 4 1.0 1 0.0000 0.0000 124.875
99 2 3 176 0 4 2.0 1 0.0000 0.0000 127.75
124 3 3 127 0 1 0.0 1 0.8000 0.0000 29.75
148 3 3 127 0 1 1.0 1 0.8000 0.0000 42.25
129 3 3 127 0 1 2.0 1 0.8000 0.0000 80.0
140 3 3 127 0 2 0.0 1 0.8000 0.0000 110.25
169 3 3 127 0 2 1.0 1 0.8000 0.0000 123.25
162 3 3 127 0 2 2.0 1 0.8000 0.0000 131.75
105 3 3 95 0 3 0.0 1 0.0000 0.0000 127.625
106 3 3 95 0 3 1.0 1 0.0000 0.0000 128.625
100 3 3 95 0 3 2.0 1 0.0000 0.0000 136.375
91 3 3 95 0 4 0.0 1 0.0000 0.0000 124.375
80 3 3 95 0 4 1.0 1 0.0000 0.0000 129.75
62 3 3 95 0 4 2.0 1 0.0000 0.0000 126.375
145 4 3 119 0 1 0.0 0 0.0000 0.0000 29.5
140 4 3 119 0 1 1.0 0 0.0000 0.0000 56.75
130 4 3 119 0 1 2.0 0 0.0000 0.0000 75.25
131 4 3 119 0 2 0.0 0 0.0000 0.0000 108.0
137 4 3 119 0 2 1.0 0 0.0000 0.0000 122.5
140 4 3 119 0 2 2.0 0 0.0000 0.0000 139.25
144 4 3 134 0 3 0.0 0 2.5000 2.0000 150.25
101 4 3 134 0 3 1.0 0 2.5000 2.0000 152.5
130 4 3 134 0 3 2.0 0 2.5000 2.0000 156.25
93 4 3 134 0 4 0.0 0 2.5000 2.0000 162.875
87 4 3 134 0 4 1.0 0 2.5000 2.0000 148.625
85 4 3 134 0 4 2.0 0 2.5000 2.0000 143.0
137 5 3 149 0 1 0.0 0 0.0000 0.0000 34.0
152 5 3 149 0 1 1.0 0 0.0000 0.0000 61.5
145 5 3 149 0 1 2.0 0 0.0000 0.0000 76.75
148 5 3 149 0 2 0.0 0 0.0000 0.0000 100.0
137 5 3 149 0 2 1.0 0 0.0000 0.0000 105.25
120 5 3 149 0 2 2.0 0 0.0000 0.0000 119.75
99 5 3 111 0 3 0.0 0 0.0000 0.0000 121.625
106 5 3 111 0 3 1.0 0 0.0000 0.0000 128.625
99 5 3 111 0 3 2.0 0 0.0000 0.0000 122.75
72 5 3 111 0 4 0.0 0 0.0000 0.0000 131.375
66 5 3 111 0 4 1.0 0 0.0000 0.0000 126.0
52 5 3 111 0 4 2.0 0 0.0000 0.0000 123.375
136 6 3 110 0 1 0.0 0 0.0000 0.0000 30.25
156 6 3 110 0 1 1.0 0 0.0000 0.0000 43.75
145 6 3 110 0 1 2.0 0 0.0000 0.0000 66.75
128 6 3 110 0 2 0.0 0 0.0000 0.0000 79.25
122 6 3 110 0 2 1.0 0 0.0000 0.0000 90.5
97 6 3 110 0 2 2.0 0 0.0000 0.0000 91.75
113 6 3 132 0 3 0.0 0 0.0000 0.0000 122.5
99 6 3 132 0 3 1.0 0 0.0000 0.0000 126.5
98 6 3 132 0 3 2.0 0 0.0000 0.0000 119.625
88 6 3 132 0 4 0.0 0 0.0000 0.0000 123.125
62 6 3 132 0 4 1.0 0 0.0000 0.0000 121.0
64 6 3 132 0 4 2.0 0 0.0000 0.0000 115.625
153 0 3 151 0 1 0.0 0 0 0 36.4
150 0 3 151 0 1 1.0 0 0 0 60.6
135 0 3 151 0 1 2.0 0 0 0 77.0
141 0 3 151 0 2 0.0 0 0 0 126.0
153 0 3 151 0 2 1.0 0 0 0 137.6
114 0 3 151 0 2 2.0 0 0 0 145.0
110 0 3 102 0 3 0.0 0 0 0 135.0
121 0 3 102 0 3 1.0 0 0 0 134.5
88 0 3 102 0 3 2.0 0 0 0 129.5
71 0 3 102 0 4 0.0 0 0 0 136.3
79 0 3 102 0 4 1.0 0 0 0 129.8
64 0 3 102 0 4 2.0 0 0 0 124.5
168 1 3 147 0 1 0.0 0 0.0000 0.0000 31.5
136 1 3 147 0 1 1.0 0 0.0000 0.0000 42.25
172 1 3 147 0 1 2.0 0 0.0000 0.0000 83.25
141 1 3 147 0 2 0.0 0 0.0000 0.0000 106.5
122 1 3 147 0 2 1.0 0 0.0000 0.0000 125.0
122 1 3 147 0 2 2.0 0 0.0000 0.0000 134.0
114 1 3 121 0 3 0.0 0 0.0000 0.0000 139.625
118 1 3 121 0 3 1.0 0 0.0000 0.0000 135.25
111 1 3 121 0 3 2.0 0 0.0000 0.0000 145.75
105 1 3 121 0 4 0.0 0 0.0000 0.0000 135.75
72 1 3 121 0 4 1.0 0 0.0000 0.0000 124.75
60 1 3 121 0 4 2.0 0 0.0000 0.0000 132.875
151 2 3 153 0 1 0.0 0 0.0000 0.0000 33.25
146 2 3 153 0 1 1.0 0 0.0000 0.0000 50.5
160 2 3 153 0 1 2.0 0 0.0000 0.0000 84.25
146 2 3 153 0 2 0.0 0 0.0000 0.0000 110.0
107 2 3 153 0 2 1.0 0 0.0000 0.0000 121.25
112 2 3 153 0 2 2.0 0 0.0000 0.0000 140.0
111 2 3 114 0 3 0.0 0 0.0000 0.0000 131.125
139 2 3 114 0 3 1.0 0 0.0000 0.0000 140.875
99 2 3 114 0 3 2.0 0 0.0000 0.0000 133.5
89 2 3 114 0 4 0.0 0 0.0000 0.0000 137.125
91 2 3 114 0 4 1.0 0 0.0000 0.0000 124.875
50 2 3 114 0 4 2.0 0 0.0000 0.0000 127.75
162 3 3 145 0 1 0.0 0 0.0000 0.0000 29.75
157 3 3 145 0 1 1.0 0 0.0000 0.0000 42.25
148 3 3 145 0 1 2.0 0 0.0000 0.0000 80.0
148 3 3 145 0 2 0.0 0 0.0000 0.0000 110.25
140 3 3 145 0 2 1.0 0 0.0000 0.0000 123.25
131 3 3 145 0 2 2.0 0 0.0000 0.0000 131.75
114 3 3 149 0 3 0.0 0 0.0000 0.0000 127.625
123 3 3 149 0 3 1.0 0 0.0000 0.0000 128.625
113 3 3 149 0 3 2.0 0 0.0000 0.0000 136.375
89 3 3 149 0 4 0.0 0 0.0000 0.0000 124.375
70 3 3 149 0 4 1.0 0 0.0000 0.0000 129.75
64 3 3 149 0 4 2.0 0 0.0000 0.0000 126.375
158 4 3 152 0 1 0.0 0 0.0000 0.0000 29.5
180 4 3 152 0 1 1.0 0 0.0000 0.0000 56.75
146 4 3 152 0 1 2.0 0 0.0000 0.0000 75.25
161 4 3 152 0 2 0.0 0 0.0000 0.0000 108.0
140 4 3 152 0 2 1.0 0 0.0000 0.0000 122.5
129 4 3 152 0 2 2.0 0 0.0000 0.0000 139.25
146 4 3 148 0 3 0.0 0 0.0000 0.0000 150.25
122 4 3 148 0 3 1.0 0 0.0000 0.0000 152.5
112 4 3 148 0 3 2.0 0 0.0000 0.0000 156.25
74 4 3 148 0 4 0.0 0 0.0000 0.0000 162.875
68 4 3 148 0 4 1.0 0 0.0000 0.0000 148.625
57 4 3 148 0 4 2.0 0 0.0000 0.0000 143.0
105 5 3 92 0 1 0.0 0 0.1000 0.0000 34.0
97 5 3 92 0 1 1.0 0 0.1000 0.0000 61.5
128 5 3 92 0 1 2.0 0 0.1000 0.0000 76.75
127 5 3 92 0 2 0.0 0 0.1000 0.0000 100.0
115 5 3 92 0 2 1.0 0 0.1000 0.0000 105.25
121 5 3 92 0 2 2.0 0 0.1000 0.0000 119.75
105 5 3 124 0 3 0.0 0 0.0000 0.0000 121.625
127 5 3 124 0 3 1.0 0 0.0000 0.0000 128.625
104 5 3 124 0 3 2.0 0 0.0000 0.0000 122.75
82 5 3 124 0 4 0.0 0 0.0000 0.0000 131.375
70 5 3 124 0 4 1.0 0 0.0000 0.0000 126.0
62 5 3 124 0 4 2.0 0 0.0000 0.0000 123.375
85 6 3 74 0 1 0.0 0 0.0000 0.0000 30.25
114 6 3 74 0 1 1.0 0 0.0000 0.0000 43.75
102 6 3 74 0 1 2.0 0 0.0000 0.0000 66.75
105 6 3 74 0 2 0.0 0 0.0000 0.0000 79.25
94 6 3 74 0 2 1.0 0 0.0000 0.0000 90.5
72 6 3 74 0 2 2.0 0 0.0000 0.0000 91.75
132 6 3 133 0 3 0.0 0 0.0000 0.0000 122.5
116 6 3 133 0 3 1.0 0 0.0000 0.0000 126.5
120 6 3 133 0 3 2.0 0 0.0000 0.0000 119.625
105 6 3 133 0 4 0.0 0 0.0000 0.0000 123.125
93 6 3 133 0 4 1.0 0 0.0000 0.0000 121.0
80 6 3 133 0 4 2.0 0 0.0000 0.0000 115.625
175 0 3 165 0 1 0.0 0 0.0000 0.0000 36.4
182 0 3 165 0 1 1.0 0 0.0000 0.0000 60.6
180 0 3 165 0 1 2.0 0 0.0000 0.0000 77.0
138 0 3 165 0 2 0.0 0 0.0000 0.0000 126.0
150 0 3 165 0 2 1.0 0 0.0000 0.0000 137.6
117 0 3 165 0 2 2.0 0 0.0000 0.0000 145.0
140 0 3 96 0 3 0.0 0 0.0000 0.0000 135.0
132 0 3 96 0 3 1.0 0 0.0000 0.0000 134.5
113 0 3 96 0 3 2.0 0 0.0000 0.0000 129.5
90 0 3 96 0 4 0.0 0 0.0000 0.0000 136.3
93 0 3 96 0 4 1.0 0 0.0000 0.0000 129.8
65 0 3 96 0 4 2.0 0 0.0000 0.0000 124.5
118 0 3 103 1 1 0.0 0 0.0000 0.1000 21.2
168 0 3 103 1 1 1.0 0 0.0000 0.1000 36.6
161 0 3 103 1 1 2.0 0 0.0000 0.1000 48.0
145 0 3 103 1 2 0.0 0 0.0000 0.1000 61.8
125 0 3 103 1 2 1.0 0 0.0000 0.1000 73.2
116 0 3 103 1 2 2.0 0 0.0000 0.1000 88.0
86 0 3 115 1 3 0.0 0 0.0000 0.0000 91.0
85 0 3 115 1 3 1.0 0 0.0000 0.0000 100.9
91 0 3 115 1 3 2.0 0 0.0000 0.0000 98.3
73 0 3 115 1 4 0.0 0 0.0000 0.0000 94.7
78 0 3 115 1 4 1.0 0 0.0000 0.0000 88.5
77 0 3 115 1 4 2.0 0 0.0000 0.0000 83.5
154 1 3 122 1 1 0.0 0 0.0000 0.0000 18.0
209 1 3 122 1 1 1.0 0 0.0000 0.0000 35.5
210 1 3 122 1 1 2.0 0 0.0000 0.0000 45.75
191 1 3 122 1 2 0.0 0 0.0000 0.0000 53.5
222 1 3 122 1 2 1.0 0 0.0000 0.0000 66.0
174 1 3 122 1 2 2.0 0 0.0000 0.0000 80.5
84 1 3 96 1 3 0.0 0 0.0000 0.0000 79.375
86 1 3 96 1 3 1.0 0 0.0000 0.0000 90.75
106 1 3 96 1 3 2.0 0 0.0000 0.0000 98.875
90 1 3 96 1 4 0.0 0 0.0000 0.0000 88.875
84 1 3 96 1 4 1.0 0 0.0000 0.0000 95.875
88 1 3 96 1 4 2.0 0 0.0000 0.0000 83.75
126 2 3 89 1 1 0.0 0 0.0000 0.0000 19.25
122 2 3 89 1 1 1.0 0 0.0000 0.0000 33.25
149 2 3 89 1 1 2.0 0 0.0000 0.0000 32.5
131 2 3 89 1 2 0.0 0 0.0000 0.0000 56.25
83 2 3 89 1 2 1.0 0 0.0000 0.0000 64.25
78 2 3 89 1 2 2.0 0 0.0000 0.0000 69.5
77 2 3 100 1 3 0.0 0 0.0000 0.0000 81.625
94 2 3 100 1 3 1.0 0 0.0000 0.0000 87.25
95 2 3 100 1 3 2.0 0 0.0000 0.0000 90.875
67 2 3 100 1 4 0.0 0 0.0000 0.0000 87.5
75 2 3 100 1 4 1.0 0 0.0000 0.0000 82.25
68 2 3 100 1 4 2.0 0 0.0000 0.0000 71.0
121 3 3 93 1 1 0.0 0 0.0000 0.0000 22.75
127 3 3 93 1 1 1.0 0 0.0000 0.0000 25.75
136 3 3 93 1 1 2.0 0 0.0000 0.0000 39.25
116 3 3 93 1 2 0.0 0 0.0000 0.0000 52.0
110 3 3 93 1 2 1.0 0 0.0000 0.0000 57.75
96 3 3 93 1 2 2.0 0 0.0000 0.0000 64.0
78 3 3 86 1 3 0.0 0 0.0000 0.0000 86.625
86 3 3 86 1 3 1.0 0 0.0000 0.0000 85.875
78 3 3 86 1 3 2.0 0 0.0000 0.0000 89.25
54 3 3 86 1 4 0.0 0 0.0000 0.0000 88.25
53 3 3 86 1 4 1.0 0 0.0000 0.0000 87.0
99 3 3 86 1 4 2.0 0 0.0000 0.0000 78.75
118 4 3 105 1 1 0.0 0 0.0000 0.0000 19.0
135 4 3 105 1 1 1.0 0 0.0000 0.0000 37.0
154 4 3 105 1 1 2.0 0 0.0000 0.0000 42.75
134 4 3 105 1 2 0.0 0 0.0000 0.0000 56.75
137 4 3 105 1 2 1.0 0 0.0000 0.0000 59.5
96 4 3 105 1 2 2.0 0 0.0000 0.0000 71.5
86 4 3 137 1 3 0.0 0 0.0000 0.0000 83.25
110 4 3 137 1 3 1.0 0 0.0000 0.0000 98.375
121 4 3 137 1 3 2.0 0 0.0000 0.0000 100.75
100 4 3 137 1 4 0.0 0 0.0000 0.0000 90.625
95 4 3 137 1 4 1.0 0 0.0000 0.0000 91.5
96 4 3 137 1 4 2.0 0 0.0000 0.0000 90.125
122 5 3 95 1 1 0.0 0 0.0000 0.0000 13.75
113 5 3 95 1 1 1.0 0 0.0000 0.0000 32.5
107 5 3 95 1 1 2.0 0 0.0000 0.0000 40.75
115 5 3 95 1 2 0.0 0 0.0000 0.0000 51.5
128 5 3 95 1 2 1.0 0 0.0000 0.0000 56.0
124 5 3 95 1 2 2.0 0 0.0000 0.0000 75.5
87 5 3 114 1 3 0.0 0 0.0000 0.0000 85.25
88 5 3 114 1 3 1.0 0 0.0000 0.0000 84.25
87 5 3 114 1 3 2.0 0 0.0000 0.0000 89.0
57 5 3 114 1 4 0.0 0 0.0000 0.0000 79.75
77 5 3 114 1 4 1.0 0 0.0000 0.0000 84.25
66 5 3 114 1 4 2.0 0 0.0000 0.0000 82.0
112 6 3 112 1 1 0.0 0 0.0000 0.0000 16.25
111 6 3 112 1 1 1.0 0 0.0000 0.0000 30.25
120 6 3 112 1 1 2.0 0 0.0000 0.0000 35.0
108 6 3 112 1 2 0.0 0 0.0000 0.0000 37.5
140 6 3 112 1 2 1.0 0 0.0000 0.0000 50.0
102 6 3 112 1 2 2.0 0 0.0000 0.0000 67.75
118 6 3 101 1 3 0.0 0 0.0000 0.0000 87.625
84 6 3 101 1 3 1.0 0 0.0000 0.0000 85.0
82 6 3 101 1 3 2.0 0 0.0000 0.0000 84.5
75 6 3 101 1 4 0.0 0 0.0000 0.0000 88.75
88 6 3 101 1 4 1.0 0 0.0000 0.0000 86.5
71 6 3 101 1 4 2.0 0 0.0000 0.0000 78.875
138 0 3 137 1 1 0.0 0 0.0000 0.0000 21.2
164 0 3 137 1 1 1.0 0 0.0000 0.0000 36.6
150 0 3 137 1 1 2.0 0 0.0000 0.0000 48.0
145 0 3 137 1 2 0.0 0 0.0000 0.0000 61.8
113 0 3 137 1 2 1.0 0 0.0000 0.0000 73.2
104 0 3 137 1 2 2.0 0 0.0000 0.0000 88.0
85 0 3 78 1 3 0.0 0 0.0000 0.0000 91.0
90 0 3 78 1 3 1.0 0 0.0000 0.0000 100.9
82 0 3 78 1 3 2.0 0 0.0000 0.0000 98.3
91 0 3 78 1 4 0.0 0 0.0000 0.0000 94.7
55 0 3 78 1 4 1.0 0 0.0000 0.0000 88.5
70 0 3 78 1 4 2.0 0 0.0000 0.0000 83.5
96 1 3 97 1 1 0.0 0 0.0000 0.0000 18.0
118 1 3 97 1 1 1.0 0 0.0000 0.0000 35.5
144 1 3 97 1 1 2.0 0 0.0000 0.0000 45.75
117 1 3 97 1 2 0.0 0 0.0000 0.0000 53.5
109 1 3 97 1 2 1.0 0 0.0000 0.0000 66.0
94 1 3 97 1 2 2.0 0 0.0000 0.0000 80.5
76 1 3 84 1 3 0.0 0 0.0000 1.2000 79.375
73 1 3 84 1 3 1.0 0 0.0000 1.2000 90.75
82 1 3 84 1 3 2.0 0 0.0000 1.2000 98.875
83 1 3 84 1 4 0.0 0 0.0000 1.2000 88.875
81 1 3 84 1 4 1.0 0 0.0000 1.2000 95.875
83 1 3 84 1 4 2.0 0 0.0000 1.2000 83.75
110 2 3 83 1 1 0.0 0 5.5000 1.3000 19.25
132 2 3 83 1 1 1.0 0 5.5000 1.3000 33.25
131 2 3 83 1 1 2.0 0 5.5000 1.3000 32.5
143 2 3 83 1 2 0.0 0 5.5000 1.3000 56.25
132 2 3 83 1 2 1.0 0 5.5000 1.3000 64.25
84 2 3 83 1 2 2.0 0 5.5000 1.3000 69.5
86 2 3 88 1 3 0.0 0 1.8000 1.2000 81.625
73 2 3 88 1 3 1.0 0 1.8000 1.2000 87.25
76 2 3 88 1 3 2.0 0 1.8000 1.2000 90.875
68 2 3 88 1 4 0.0 0 1.8000 1.2000 87.5
56 2 3 88 1 4 1.0 0 1.8000 1.2000 82.25
59 2 3 88 1 4 2.0 0 1.8000 1.2000 71.0
103 3 3 60 1 1 0.0 0 0.1000 1.4000 22.75
105 3 3 60 1 1 1.0 0 0.1000 1.4000 25.75
123 3 3 60 1 1 2.0 0 0.1000 1.4000 39.25
130 3 3 60 1 2 0.0 0 0.1000 1.4000 52.0
111 3 3 60 1 2 1.0 0 0.1000 1.4000 57.75
121 3 3 60 1 2 2.0 0 0.1000 1.4000 64.0
96 3 3 86 1 3 0.0 0 0.3000 0.2000 86.625
107 3 3 86 1 3 1.0 0 0.3000 0.2000 85.875
111 3 3 86 1 3 2.0 0 0.3000 0.2000 89.25
76 3 3 86 1 4 0.0 0 0.3000 0.2000 88.25
68 3 3 86 1 4 1.0 0 0.3000 0.2000 87.0
56 3 3 86 1 4 2.0 0 0.3000 0.2000 78.75
113 4 3 84 1 1 0.0 0 0.0000 0.0000 19.0
121 4 3 84 1 1 1.0 0 0.0000 0.0000 37.0
147 4 3 84 1 1 2.0 0 0.0000 0.0000 42.75
116 4 3 84 1 2 0.0 0 0.0000 0.0000 56.75
131 4 3 84 1 2 1.0 0 0.0000 0.0000 59.5
120 4 3 84 1 2 2.0 0 0.0000 0.0000 71.5
73 4 3 106 1 3 0.0 0 0.0000 0.0000 83.25
111 4 3 106 1 3 1.0 0 0.0000 0.0000 98.375
116 4 3 106 1 3 2.0 0 0.0000 0.0000 100.75
32 4 3 106 1 4 0.0 0 0.0000 0.0000 90.625
45 4 3 106 1 4 1.0 0 0.0000 0.0000 91.5
26 4 3 106 1 4 2.0 0 0.0000 0.0000 90.125
18 5 3 25 1 1 0.0 1 0.0000 0.0000 13.75
12 5 3 25 1 1 1.0 1 0.0000 0.0000 32.5
17 5 3 25 1 1 2.0 1 0.0000 0.0000 40.75
15 5 3 25 1 2 0.0 1 0.0000 0.0000 51.5
8 5 3 25 1 2 1.0 1 0.0000 0.0000 56.0
16 5 3 25 1 2 2.0 1 0.0000 0.0000 75.5
11 5 3 9 1 3 0.0 1 0.0000 0.0000 85.25
12 5 3 9 1 3 1.0 1 0.0000 0.0000 84.25
6 5 3 9 1 3 2.0 1 0.0000 0.0000 89.0
11 5 3 9 1 4 0.0 1 0.0000 0.0000 79.75
6 5 3 9 1 4 1.0 1 0.0000 0.0000 84.25
6 5 3 9 1 4 2.0 1 0.0000 0.0000 82.0
13 6 3 14 1 1 0.0 1 0.0000 0.0000 16.25
14 6 3 14 1 1 1.0 1 0.0000 0.0000 30.25
8 6 3 14 1 1 2.0 1 0.0000 0.0000 35.0
24 6 3 14 1 2 0.0 1 0.0000 0.0000 37.5
20 6 3 14 1 2 1.0 1 0.0000 0.0000 50.0
13 6 3 14 1 2 2.0 1 0.0000 0.0000 67.75
7 6 3 19 1 3 0.0 1 0.0000 0.0000 87.625
18 6 3 19 1 3 1.0 1 0.0000 0.0000 85.0
9 6 3 19 1 3 2.0 1 0.0000 0.0000 84.5
8 6 3 19 1 4 0.0 1 0.0000 0.0000 88.75
15 6 3 19 1 4 1.0 1 0.0000 0.0000 86.5
5 6 3 19 1 4 2.0 1 0.0000 0.0000 78.875
15 0 3 16 1 1 0.0 1 0.0000 0.0000 21.2
16 0 3 16 1 1 1.0 1 0.0000 0.0000 36.6
20 0 3 16 1 1 2.0 1 0.0000 0.0000 48.0
19 0 3 16 1 2 0.0 1 0.0000 0.0000 61.8
23 0 3 16 1 2 1.0 1 0.0000 0.0000 73.2
17 0 3 16 1 2 2.0 1 0.0000 0.0000 88.0
14 0 3 22 1 3 0.0 1 0.0000 0.0000 91.0
9 0 3 22 1 3 1.0 1 0.0000 0.0000 100.9
7 0 3 22 1 3 2.0 1 0.0000 0.0000 98.3
12 0 3 22 1 4 0.0 1 0.0000 0.0000 94.7
20 0 3 22 1 4 1.0 1 0.0000 0.0000 88.5
11 0 3 22 1 4 2.0 1 0.0000 0.0000 83.5
15 1 3 19 1 1 0.0 1 0.0000 0.0000 18.0
20 1 3 19 1 1 1.0 1 0.0000 0.0000 35.5
35 1 3 19 1 1 2.0 1 0.0000 0.0000 45.75
26 1 3 19 1 2 0.0 1 0.0000 0.0000 53.5
25 1 3 19 1 2 1.0 1 0.0000 0.0000 66.0
23 1 3 19 1 2 2.0 1 0.0000 0.0000 80.5
8 1 3 20 1 3 0.0 1 0.0000 0.0000 79.375
7 1 3 20 1 3 1.0 1 0.0000 0.0000 90.75
18 1 3 20 1 3 2.0 1 0.0000 0.0000 98.875
15 1 3 20 1 4 0.0 1 0.0000 0.0000 88.875
11 1 3 20 1 4 1.0 1 0.0000 0.0000 95.875
7 1 3 20 1 4 2.0 1 0.0000 0.0000 83.75
20 2 3 12 1 1 0.0 1 0.0000 0.0000 19.25
22 2 3 12 1 1 1.0 1 0.0000 0.0000 33.25
24 2 3 12 1 1 2.0 1 0.0000 0.0000 32.5
35 2 3 12 1 2 0.0 1 0.0000 0.0000 56.25
34 2 3 12 1 2 1.0 1 0.0000 0.0000 64.25
20 2 3 12 1 2 2.0 1 0.0000 0.0000 69.5
8 2 3 14 1 3 0.0 1 0.0000 0.0000 81.625
16 2 3 14 1 3 1.0 1 0.0000 0.0000 87.25
12 2 3 14 1 3 2.0 1 0.0000 0.0000 90.875
10 2 3 14 1 4 0.0 1 0.0000 0.0000 87.5
5 2 3 14 1 4 1.0 1 0.0000 0.0000 82.25
9 2 3 14 1 4 2.0 1 0.0000 0.0000 71.0
21 3 3 16 1 1 0.0 1 0.8000 0.0000 22.75
18 3 3 16 1 1 1.0 1 0.8000 0.0000 25.75
25 3 3 16 1 1 2.0 1 0.8000 0.0000 39.25
28 3 3 16 1 2 0.0 1 0.8000 0.0000 52.0
19 3 3 16 1 2 1.0 1 0.8000 0.0000 57.75
28 3 3 16 1 2 2.0 1 0.8000 0.0000 64.0
17 3 3 20 1 3 0.0 1 0.0000 0.0000 86.625
10 3 3 20 1 3 1.0 1 0.0000 0.0000 85.875
16 3 3 20 1 3 2.0 1 0.0000 0.0000 89.25
12 3 3 20 1 4 0.0 1 0.0000 0.0000 88.25
12 3 3 20 1 4 1.0 1 0.0000 0.0000 87.0
3 3 3 20 1 4 2.0 1 0.0000 0.0000 78.75
19 4 3 20 1 1 0.0 0 0.0000 0.0000 19.0
32 4 3 20 1 1 1.0 0 0.0000 0.0000 37.0
19 4 3 20 1 1 2.0 0 0.0000 0.0000 42.75
32 4 3 20 1 2 0.0 0 0.0000 0.0000 56.75
32 4 3 20 1 2 1.0 0 0.0000 0.0000 59.5
28 4 3 20 1 2 2.0 0 0.0000 0.0000 71.5
12 4 3 26 1 3 0.0 0 2.5000 2.0000 83.25
14 4 3 26 1 3 1.0 0 2.5000 2.0000 98.375
16 4 3 26 1 3 2.0 0 2.5000 2.0000 100.75
13 4 3 26 1 4 0.0 0 2.5000 2.0000 90.625
13 4 3 26 1 4 1.0 0 2.5000 2.0000 91.5
12 4 3 26 1 4 2.0 0 2.5000 2.0000 90.125
128 5 3 105 1 1 0.0 0 0.0000 0.0000 13.75
129 5 3 105 1 1 1.0 0 0.0000 0.0000 32.5
142 5 3 105 1 1 2.0 0 0.0000 0.0000 40.75
132 5 3 105 1 2 0.0 0 0.0000 0.0000 51.5
127 5 3 105 1 2 1.0 0 0.0000 0.0000 56.0
101 5 3 105 1 2 2.0 0 0.0000 0.0000 75.5
87 5 3 98 1 3 0.0 0 0.0000 0.0000 85.25
88 5 3 98 1 3 1.0 0 0.0000 0.0000 84.25
89 5 3 98 1 3 2.0 0 0.0000 0.0000 89.0
61 5 3 98 1 4 0.0 0 0.0000 0.0000 79.75
71 5 3 98 1 4 1.0 0 0.0000 0.0000 84.25
81 5 3 98 1 4 2.0 0 0.0000 0.0000 82.0
112 6 3 80 1 1 0.0 0 0.0000 0.0000 16.25
109 6 3 80 1 1 1.0 0 0.0000 0.0000 30.25
105 6 3 80 1 1 2.0 0 0.0000 0.0000 35.0
109 6 3 80 1 2 0.0 0 0.0000 0.0000 37.5
102 6 3 80 1 2 1.0 0 0.0000 0.0000 50.0
82 6 3 80 1 2 2.0 0 0.0000 0.0000 67.75
76 6 3 111 1 3 0.0 0 0.0000 0.0000 87.625
91 6 3 111 1 3 1.0 0 0.0000 0.0000 85.0
93 6 3 111 1 3 2.0 0 0.0000 0.0000 84.5
70 6 3 111 1 4 0.0 0 0.0000 0.0000 88.75
80 6 3 111 1 4 1.0 0 0.0000 0.0000 86.5
73 6 3 111 1 4 2.0 0 0.0000 0.0000 78.875
124 0 3 80 1 1 0.0 0 0 0 21.2
99 0 3 80 1 1 1.0 0 0 0 36.6
138 0 3 80 1 1 2.0 0 0 0 48.0
120 0 3 80 1 2 0.0 0 0 0 61.8
109 0 3 80 1 2 1.0 0 0 0 73.2
95 0 3 80 1 2 2.0 0 0 0 88.0
79 0 3 92 1 3 0.0 0 0 0 91.0
94 0 3 92 1 3 1.0 0 0 0 100.9
117 0 3 92 1 3 2.0 0 0 0 98.3
63 0 3 92 1 4 0.0 0 0 0 94.7
64 0 3 92 1 4 1.0 0 0 0 88.5
72 0 3 92 1 4 2.0 0 0 0 83.5
116 1 3 84 1 1 0.0 0 0.0000 0.0000 18.0
111 1 3 84 1 1 1.0 0 0.0000 0.0000 35.5
129 1 3 84 1 1 2.0 0 0.0000 0.0000 45.75
118 1 3 84 1 2 0.0 0 0.0000 0.0000 53.5
115 1 3 84 1 2 1.0 0 0.0000 0.0000 66.0
92 1 3 84 1 2 2.0 0 0.0000 0.0000 80.5
98 1 3 87 1 3 0.0 0 0.0000 0.0000 79.375
89 1 3 87 1 3 1.0 0 0.0000 0.0000 90.75
118 1 3 87 1 3 2.0 0 0.0000 0.0000 98.875
78 1 3 87 1 4 0.0 0 0.0000 0.0000 88.875
76 1 3 87 1 4 1.0 0 0.0000 0.0000 95.875
75 1 3 87 1 4 2.0 0 0.0000 0.0000 83.75
99 2 3 94 1 1 0.0 0 0.0000 0.0000 19.25
114 2 3 94 1 1 1.0 0 0.0000 0.0000 33.25
137 2 3 94 1 1 2.0 0 0.0000 0.0000 32.5
109 2 3 94 1 2 0.0 0 0.0000 0.0000 56.25
114 2 3 94 1 2 1.0 0 0.0000 0.0000 64.25
107 2 3 94 1 2 2.0 0 0.0000 0.0000 69.5
99 2 3 77 1 3 0.0 0 0.0000 0.0000 81.625
88 2 3 77 1 3 1.0 0 0.0000 0.0000 87.25
90 2 3 77 1 3 2.0 0 0.0000 0.0000 90.875
88 2 3 77 1 4 0.0 0 0.0000 0.0000 87.5
59 2 3 77 1 4 1.0 0 0.0000 0.0000 82.25
99 2 3 77 1 4 2.0 0 0.0000 0.0000 71.0
119 3 3 87 1 1 0.0 0 0.0000 0.0000 22.75
115 3 3 87 1 1 1.0 0 0.0000 0.0000 25.75
131 3 3 87 1 1 2.0 0 0.0000 0.0000 39.25
112 3 3 87 1 2 0.0 0 0.0000 0.0000 52.0
118 3 3 87 1 2 1.0 0 0.0000 0.0000 57.75
94 3 3 87 1 2 2.0 0 0.0000 0.0000 64.0
88 3 3 99 1 3 0.0 0 0.0000 0.0000 86.625
96 3 3 99 1 3 1.0 0 0.0000 0.0000 85.875
105 3 3 99 1 3 2.0 0 0.0000 0.0000 89.25
87 3 3 99 1 4 0.0 0 0.0000 0.0000 88.25
80 3 3 99 1 4 1.0 0 0.0000 0.0000 87.0
75 3 3 99 1 4 2.0 0 0.0000 0.0000 78.75
99 4 3 77 1 1 0.0 0 0.0000 0.0000 19.0
134 4 3 77 1 1 1.0 0 0.0000 0.0000 37.0
127 4 3 77 1 1 2.0 0 0.0000 0.0000 42.75
125 4 3 77 1 2 0.0 0 0.0000 0.0000 56.75
100 4 3 77 1 2 1.0 0 0.0000 0.0000 59.5
105 4 3 77 1 2 2.0 0 0.0000 0.0000 71.5
112 4 3 103 1 3 0.0 0 0.0000 0.0000 83.25
107 4 3 103 1 3 1.0 0 0.0000 0.0000 98.375
128 4 3 103 1 3 2.0 0 0.0000 0.0000 100.75
125 4 3 103 1 4 0.0 0 0.0000 0.0000 90.625
67 4 3 103 1 4 1.0 0 0.0000 0.0000 91.5
38 4 3 103 1 4 2.0 0 0.0000 0.0000 90.125
80 5 3 77 1 1 0.0 0 0.1000 0.0000 13.75
80 5 3 77 1 1 1.0 0 0.1000 0.0000 32.5
121 5 3 77 1 1 2.0 0 0.1000 0.0000 40.75
90 5 3 77 1 2 0.0 0 0.1000 0.0000 51.5
97 5 3 77 1 2 1.0 0 0.1000 0.0000 56.0
105 5 3 77 1 2 2.0 0 0.1000 0.0000 75.5
104 5 3 89 1 3 0.0 0 0.0000 0.0000 85.25
87 5 3 89 1 3 1.0 0 0.0000 0.0000 84.25
87 5 3 89 1 3 2.0 0 0.0000 0.0000 89.0
92 5 3 89 1 4 0.0 0 0.0000 0.0000 79.75
85 5 3 89 1 4 1.0 0 0.0000 0.0000 84.25
82 5 3 89 1 4 2.0 0 0.0000 0.0000 82.0
85 6 3 65 1 1 0.0 0 0.0000 0.0000 16.25
80 6 3 65 1 1 1.0 0 0.0000 0.0000 30.25
86 6 3 65 1 1 2.0 0 0.0000 0.0000 35.0
107 6 3 65 1 2 0.0 0 0.0000 0.0000 37.5
90 6 3 65 1 2 1.0 0 0.0000 0.0000 50.0
98 6 3 65 1 2 2.0 0 0.0000 0.0000 67.75
100 6 3 105 1 3 0.0 0 0.0000 0.0000 87.625
108 6 3 105 1 3 1.0 0 0.0000 0.0000 85.0
100 6 3 105 1 3 2.0 0 0.0000 0.0000 84.5
88 6 3 105 1 4 0.0 0 0.0000 0.0000 88.75
109 6 3 105 1 4 1.0 0 0.0000 0.0000 86.5
82 6 3 105 1 4 2.0 0 0.0000 0.0000 78.875
123 0 3 104 1 1 0.0 0 0.0000 0.0000 21.2
147 0 3 104 1 1 1.0 0 0.0000 0.0000 36.6
150 0 3 104 1 1 2.0 0 0.0000 0.0000 48.0
136 0 3 104 1 2 0.0 0 0.0000 0.0000 61.8
137 0 3 104 1 2 1.0 0 0.0000 0.0000 73.2
106 0 3 104 1 2 2.0 0 0.0000 0.0000 88.0
80 0 3 90 1 3 0.0 0 0.0000 0.0000 91.0
82 0 3 90 1 3 1.0 0 0.0000 0.0000 100.9
84 0 3 90 1 3 2.0 0 0.0000 0.0000 98.3
79 0 3 90 1 4 0.0 0 0.0000 0.0000 94.7
86 0 3 90 1 4 1.0 0 0.0000 0.0000 88.5
80 0 3 90 1 4 2.0 0 0.0000 0.0000 83.5