52.589866638183594
52.76675033569336
47.367408752441406
52.756221771240234
52.18488311767578
43.96308135986328
39.210044860839844
32.87046432495117
30.38738250732422
27.185226440429688
21.828983306884766
20.491899490356445
39.90220642089844
42.20216369628906
33.83683395385742
43.92174530029297
57.244667053222656
69.73062896728516
30.62877655029297
41.9062385559082
42.63302230834961
25.157018661499023
26.0548152923584
15.606060028076172
115.9966812133789
123.97208404541016
116.94629669189453
124.17657470703125
109.51949310302734
74.24873352050781
40.873512268066406
36.90144348144531
30.19924545288086
24.468786239624023
17.843338012695312
24.541915893554688
44.18684005737305
53.327354431152344
43.51167678833008
35.99287414550781
47.20981216430664
63.487571716308594
30.435932159423828
40.20296859741211
31.4853572845459
25.150053024291992
16.179527282714844
24.034574508666992
54.2171630859375
66.7976303100586
53.33501434326172
47.96651077270508
49.50767517089844
45.72767639160156
50.476524353027344
38.68929672241211
39.79010772705078
47.343257904052734
39.11873245239258
38.93372344970703
44.44867706298828
54.935646057128906
43.714988708496094
43.21248245239258
57.58525085449219
70.89556121826172
75.38330841064453
53.244178771972656
36.16539001464844
41.224998474121094
33.77793502807617
61.01892852783203
34.93387222290039
38.13429641723633
36.814884185791016
35.440399169921875
38.95888137817383
50.085235595703125
66.39057159423828
60.55976867675781
37.0278205871582
48.962074279785156
40.880859375
29.162948608398438
63.55134582519531
59.413719177246094
55.48822021484375
59.775177001953125
66.62837982177734
54.66312789916992
50.88950729370117
52.09714126586914
36.48481750488281
49.17755126953125
23.275075912475586
24.47008514404297
60.11402130126953
54.64651107788086
53.59480285644531
65.061279296875
61.14992904663086
41.17229461669922
53.600990295410156
53.47098922729492
28.257709503173828
32.72684860229492
16.713613510131836
12.655357360839844
122.23899841308594
129.80926513671875
104.15814208984375
129.99285888671875
100.90715789794922
134.8236846923828
34.44119644165039
31.038585662841797
43.718536376953125
24.535606384277344
21.852907180786133
34.26404571533203
36.724090576171875
43.53125
34.04997634887695
45.446285247802734
32.875118255615234
49.26539993286133
30.512165069580078
37.92138671875
27.443918228149414
26.739046096801758
21.39130210876465
29.87891387939453
50.98037338256836
63.65651321411133
51.2542839050293
48.58666229248047
65.47559356689453
70.91984558105469
107.98833465576172
117.88550567626953
154.7583465576172
139.92295837402344
172.042724609375
145.09567260742188
224.41387939453125
211.19566345214844
210.96266174316406
217.74969482421875
233.35089111328125
233.423583984375
180.66592407226562
162.68814086914062
124.02130126953125
122.63314819335938
104.12995910644531
99.924072265625
194.0244903564453
222.20091247558594
222.26316833496094
239.7763214111328
256.4916076660156
180.8570556640625
160.90838623046875
133.706298828125
108.52791595458984
112.8875732421875
109.99766540527344
96.6943588256836
144.5730438232422
162.42987060546875
132.43038940429688
161.25111389160156
151.6135711669922
177.44129943847656
155.15512084960938
120.9607162475586
102.51946258544922
107.41372680664062
95.58732604980469
84.84518432617188
151.77525329589844
162.92201232910156
139.74647521972656
164.08827209472656
155.00828552246094
192.44970703125
205.1593475341797
185.6082763671875
155.20376586914062
123.5704345703125
109.31890106201172
94.72454071044922
134.736572265625
151.89749145507812
144.25335693359375
143.43405151367188
165.43682861328125
148.60699462890625
165.43727111816406
197.99851989746094
197.4818115234375
215.39694213867188
177.7853240966797
118.98329162597656
139.33702087402344
142.48306274414062
135.31480407714844
160.26524353027344
150.8942413330078
174.15460205078125
196.2269744873047
169.46209716796875
136.0092315673828
137.71719360351562
130.63314819335938
137.353759765625
114.12499237060547
115.63825225830078
113.97199249267578
144.41656494140625
135.9247283935547
142.68295288085938
169.54905700683594
140.04087829589844
115.62751770019531
115.87565612792969
90.76641082763672
81.83030700683594
34.9029655456543
43.99699401855469
29.941762924194336
34.36683654785156
27.60293960571289
34.110191345214844
40.42814636230469
32.87490463256836
21.201799392700195
23.325328826904297
17.275869369506836
19.505931854248047
39.988826751708984
42.902931213378906
35.25223159790039
43.60472869873047
35.58480453491211
43.75094985961914
32.81581115722656
28.73738670349121
27.42510414123535
23.406137466430664
25.676315307617188
23.160966873168945
42.429683685302734
39.774147033691406
41.8863410949707
45.88325119018555
33.09015655517578
48.9901237487793
39.99858093261719
27.781856536865234
26.603668212890625
24.41542625427246
36.18893814086914
22.904523849487305
56.00984191894531
59.13029861450195
55.30898666381836
50.18666458129883
32.74744415283203
48.293392181396484
34.67839813232422
29.420331954956055
17.953203201293945
25.214014053344727
27.271921157836914
22.13626480102539
44.87624740600586
55.22706604003906
45.444244384765625
39.417152404785156
43.95204544067383
39.05801773071289
45.376182556152344
38.68792724609375
33.08711242675781
32.56733322143555
23.590206146240234
22.792701721191406
64.84601593017578
73.50098419189453
59.593170166015625
58.246246337890625
60.789451599121094
54.58574676513672
54.48889923095703
42.522464752197266
33.97290802001953
38.27771759033203
30.009113311767578
19.135848999023438
35.83317184448242
45.469451904296875
36.58917236328125
31.55951690673828
38.5664176940918
43.71385955810547
60.76676940917969
63.41861343383789
57.74726104736328
51.98334503173828
40.091697692871094
44.45906448364258
63.11121368408203
66.555908203125
59.37202835083008
63.96760940551758
61.12286376953125
47.375755310058594
67.52412414550781
66.36427307128906
42.68466567993164
53.89967727661133
26.353132247924805
25.573284149169922
36.87555694580078
52.56501007080078
41.99272918701172
46.470848083496094
44.684669494628906
44.63975143432617
71.06925201416016
65.85589599609375
47.97539138793945
48.084388732910156
44.47374725341797
39.55152893066406
62.56253433227539
50.48204803466797
65.15818786621094
66.91204071044922
48.758331298828125
41.45319366455078
43.538307189941406
43.75431442260742
20.793048858642578
27.17831802368164
14.752518653869629
8.106575965881348
114.72453308105469
125.22477722167969
122.85564422607422
123.00926208496094
135.7567901611328
118.18266296386719
114.95767211914062
117.47898864746094
136.4145965576172
76.63653564453125
83.7878646850586
67.2378921508789
146.4535675048828
148.21055603027344
134.73379516601562
167.3697052001953
144.78488159179688
172.48890686035156
99.8652114868164
96.00755310058594
110.5746078491211
69.55062103271484
65.95154571533203
61.788909912109375
119.90863037109375
125.45560455322266
114.82543182373047
133.4530487060547
126.8717041015625
123.41936492919922
98.15233612060547
105.33753967285156
102.60442352294922
74.1499252319336
70.87596130371094
67.3077392578125
119.97613525390625
122.14693450927734
106.2868881225586
128.21810913085938
116.28684997558594
120.78428649902344
101.08796691894531
108.82557678222656
106.75463104248047
74.0132064819336
79.92666625976562
71.13207244873047
116.48682403564453
119.93196868896484
101.17000579833984
138.80233764648438
121.66844177246094
104.25359344482422
108.77523040771484
117.80332946777344
106.34923553466797
73.67880249023438
59.41782760620117
63.640533447265625
106.47322082519531
112.24703216552734
103.52822875976562
104.23388671875
101.19122314453125
104.12423706054688
89.9269790649414
93.08058166503906
90.96983337402344
67.91053009033203
73.49932861328125
61.59928894042969
90.10559844970703
83.66048431396484
81.94979095458984
91.75607299804688
101.4598388671875
87.75791931152344
104.60391235351562
109.40139770507812
102.60192108154297
66.97564697265625
57.95683670043945
59.2143669128418
135.22592163085938
135.34556579589844
112.34722900390625
149.94772338867188
141.7943572998047
130.76075744628906
103.22482299804688
110.21207427978516
114.63591003417969
74.12775421142578
76.19720458984375
70.04739379882812
119.90525817871094
129.95294189453125
132.00308227539062
135.51217651367188
113.68746948242188
92.45722961425781
97.75611877441406
114.03886413574219
92.33685302734375
77.92997741699219
76.96267700195312
78.39506530761719
105.63921356201172
107.3724136352539
94.46455383300781
94.2110595703125
94.65888977050781
122.22711944580078
86.59297180175781
101.17191314697266
96.7628173828125
68.42495727539062
63.276710510253906
63.08576202392578
96.5245132446289
93.66893768310547
109.38182067871094
109.18101501464844
111.5262680053711
73.7069091796875
93.89920043945312
90.33196258544922
118.62090301513672
70.91911315917969
66.23106384277344
86.81739044189453
119.82923889160156
114.15576171875
108.80230712890625
140.7593231201172
133.2312774658203
95.09737396240234
65.70460510253906
86.91400909423828
83.35432434082031
9.148538589477539
12.023883819580078
38.96200180053711
5.3820366859436035
12.770739555358887
14.707958221435547
19.904565811157227
23.04318618774414
9.279770851135254
9.604249000549316
16.190088272094727
7.483304023742676
8.293323516845703
8.270638465881348
10.568881034851074
17.17070198059082
15.604720115661621
22.55328941345215
23.911758422851562
23.466629028320312
15.973075866699219
7.626579761505127
16.951677322387695
11.973824501037598
12.94890022277832
12.591079711914062
10.248257637023926
13.778640747070312
22.70226287841797
13.168622970581055
15.050300598144531
17.348588943481445
20.52992820739746
11.66684341430664
19.6613712310791
12.016695022583008
11.902345657348633
10.301169395446777
9.427348136901855
21.946773529052734
24.263713836669922
25.015220642089844
26.229358673095703
23.3492488861084
23.450927734375
12.32991886138916
20.00934410095215
16.36668586730957
15.6497220993042
16.16583251953125
18.144018173217773
17.59174346923828
17.188936233520508
21.22269058227539
22.417823791503906
23.16326904296875
21.312644958496094
13.6536283493042
20.019554138183594
18.09186363220215
13.933542251586914
16.52747917175293
9.774312019348145
13.909316062927246
17.4432315826416
18.51080322265625
16.75719451904297
23.20980453491211
21.41663360595703
16.989269256591797
21.796043395996094
16.996870040893555
21.68998146057129
11.474841117858887
21.387365341186523
22.59003448486328
21.746997833251953
24.482872009277344
27.03078269958496
29.712596893310547
20.37492561340332
12.857609748840332
19.07830238342285
15.518277168273926
15.849886894226074
22.391481399536133
13.732232093811035
114.1802978515625
119.25497436523438
114.37238311767578
122.88080596923828
92.43201446533203
95.7367172241211
86.69644927978516
94.53974151611328
88.8421630859375
66.7291030883789
68.65437316894531
57.96208953857422
112.67716217041016
112.65870666503906
104.27388763427734
120.45221710205078
106.00450134277344
92.38349151611328
98.83529663085938
102.71742248535156
99.18327331542969
65.3276596069336
66.387939453125
64.21636962890625
128.22398376464844
123.61382293701172
119.80994415283203
157.22470092773438
118.0419921875
144.1193389892578
107.25029754638672
116.09741973876953
116.10203552246094
71.74541473388672
76.08988189697266
75.0295181274414
116.00672912597656
114.25003051757812
100.68473052978516
131.89749145507812
118.07073211669922
133.1382293701172
90.09275817871094
93.28596496582031
93.36713409423828
65.71893310546875
67.26822662353516
81.4259033203125
120.3848876953125
127.27690124511719
112.62959289550781
119.293212890625
117.979248046875
116.99560546875
108.98363494873047
111.36204528808594
113.09870147705078
76.4048080444336
74.57592010498047
71.05516815185547
125.14643096923828
133.344482421875
122.14561462402344
136.37461853027344
124.1781234741211
110.75841522216797
101.57978820800781
101.78973388671875
114.20856475830078
65.6972427368164
64.15648651123047
98.59413146972656
117.62979125976562
126.99071502685547
114.50234985351562
128.8536834716797
109.944580078125
145.1384735107422
115.86122131347656
117.47303771972656
108.29924774169922
75.6805191040039
59.68309020996094
61.334075927734375
86.14317321777344
83.78834533691406
96.80448913574219
116.99566650390625
111.5691146850586
124.39568328857422
90.73383331298828
96.17764282226562
94.16644287109375
75.74319458007812
70.6238021850586
77.82481384277344
51.40061569213867
55.17547607421875
52.34443283081055
94.65129852294922
102.8781967163086
111.57584381103516
102.416748046875
120.04930877685547
111.12724304199219
90.26984405517578
76.08343505859375
72.59429931640625
149.4366455078125
165.31419372558594
138.13731384277344
166.6178436279297
147.2033233642578
141.12696838378906
104.31388854980469
108.19401550292969
111.68891906738281
73.46147155761719
66.90228271484375
66.51432800292969
118.78118133544922
110.77122497558594
97.9025650024414
107.57426452636719
63.17677307128906
66.17048645019531
92.56649780273438
90.16630554199219
99.67733001708984
66.37435913085938
58.69566345214844
73.6168212890625
115.44178009033203
116.30512237548828
102.42395782470703
110.44945526123047
92.35069274902344
76.13322448730469
74.8381576538086
72.31182861328125
56.3240852355957
52.31012725830078
49.50870895385742
52.081275939941406
44.1115837097168
35.72480392456055
51.30368423461914
103.20741271972656
92.01285552978516
90.00271606445312
80.12969970703125
80.10746002197266
69.71821594238281
63.55909729003906
64.84231567382812
56.93940353393555
119.90880584716797
109.40779876708984
99.36791229248047
103.34757232666016
74.76554107666016
66.42259979248047
74.22822570800781
75.79940795898438
77.99739837646484
81.52976989746094
60.526607513427734
48.57756423950195
120.17213439941406
120.6606216430664
106.59242248535156
112.4044189453125
98.07835388183594
82.14401245117188
90.7217025756836
94.04278564453125
95.74858856201172
71.53109741210938
68.78689575195312
95.95707702636719
105.78577423095703
94.57042694091797
98.47787475585938
99.0986328125
80.44831085205078
94.85313415527344
84.97856140136719
92.19220733642578
86.3293228149414
62.42488479614258
45.97561264038086
75.16693115234375
74.45281982421875
66.70040130615234
57.03953552246094
96.24408721923828
94.83847045898438
77.27909851074219
83.9566650390625
76.44824981689453
69.68572235107422
53.57476043701172
64.1680679321289
135.25721740722656
138.19825744628906
125.34162902832031
133.40394592285156
109.6407699584961
112.3346939086914
68.94031524658203
68.68257141113281
63.44559860229492
58.49686813354492
46.15221405029297
51.01457214355469
124.14659118652344
103.39381408691406
104.11312103271484
102.39418029785156
76.64229583740234
72.75547790527344
73.1545181274414
67.95092010498047
61.27140808105469
57.94040298461914
55.56047821044922
59.977787017822266
39.45392990112305
46.158931732177734
40.79057312011719
38.40884017944336
19.540359497070312
33.8268928527832
52.14384841918945
83.25907135009766
52.01861572265625
35.444969177246094
50.99196243286133
53.279964447021484
111.0941390991211
109.49488067626953
102.46788787841797
120.71736907958984
91.19230651855469
92.75772094726562
78.28067016601562
79.98002624511719
74.65208435058594
62.32606506347656
57.406490325927734
72.70720672607422
119.32008361816406
119.7130126953125
104.50425720214844
119.76789093017578
95.55603790283203
79.13186645507812
138.72682189941406
132.6497802734375
117.31993865966797
87.74317169189453
46.80561447143555
66.25057983398438
16.88449478149414
16.962617874145508
17.506519317626953
13.858027458190918
11.319526672363281
7.862161636352539
10.939338684082031
12.26441764831543
9.54992389678955
6.2216997146606445
6.470653533935547
3.0913262367248535
83.41250610351562
87.37950897216797
89.39950561523438
23.83002471923828
38.01520538330078
8.536972045898438
14.767163276672363
4.888307571411133
-0.9774293899536133
3.5729260444641113
0.7440198659896851
5.030128479003906
6.0596442222595215
6.037449359893799
3.5186750888824463
9.586195945739746
7.583770751953125
2.7561817169189453
10.51329517364502
2.8944602012634277
2.6725940704345703
7.082660675048828
9.69698715209961
10.927966117858887
9.676069259643555
10.85766315460205
12.476699829101562
18.512205123901367
10.356451988220215
11.593552589416504
13.971858978271484
11.550949096679688
10.386937141418457
15.438155174255371
10.390552520751953
5.064955234527588
16.27041244506836
7.527684211730957
25.443025588989258
19.721620559692383
18.96431541442871
18.267732620239258
9.389735221862793
9.512486457824707
6.925668239593506
10.099350929260254
13.83035659790039
14.582284927368164
11.463377952575684
12.43100643157959
13.593615531921387
13.74599838256836
9.224936485290527
9.588706970214844
7.618539333343506
8.048087120056152
6.405265808105469
9.751471519470215
11.653497695922852
11.302587509155273
10.106363296508789
8.878759384155273
4.118546485900879
9.813436508178711
11.446606636047363
8.86331844329834
7.250141620635986
8.779219627380371
119.81087493896484
111.34432220458984
105.58243560791016
100.65640258789062
81.61541748046875
84.91160583496094
56.352169036865234
55.99490737915039
50.247188568115234
45.75507354736328
39.57636642456055
37.92289733886719
126.03236389160156
110.41478729248047
104.8359146118164
101.37452697753906
78.69342041015625
89.52103424072266
61.948638916015625
59.06412887573242
59.914432525634766
52.36062240600586
40.79214859008789
48.61834716796875
136.1048583984375
127.64468383789062
116.15869903564453
112.04401397705078
92.18458557128906
100.00924682617188
75.65800476074219
71.21629333496094
56.07631301879883
55.236759185791016
49.76114273071289
48.82326889038086
125.67899322509766
117.35523223876953
107.86811065673828
106.41619110107422
89.92520904541016
87.06116485595703
70.92778778076172
73.248779296875
69.09345245361328
59.27715301513672
59.10933303833008
45.895320892333984
129.99598693847656
124.65910339355469
104.74588775634766
110.4921646118164
93.41653442382812
88.42852783203125
72.988525390625
67.18110656738281
54.38697814941406
54.55687713623047
53.93721389770508
51.18193435668945
138.99472045898438
144.88966369628906
121.7315444946289
151.26931762695312
109.1329574584961
109.67205047607422
75.03479766845703
81.0213851928711
75.61874389648438
67.5225601196289
56.06878662109375
79.8127670288086
123.32373046875
123.71691131591797
114.34339904785156
124.8388442993164
108.12915802001953
84.15335083007812
89.86488342285156
103.13261413574219
96.65397644042969
67.70760345458984
69.43949890136719
57.213077545166016
97.02959442138672
116.3067398071289
84.36100006103516
83.92594146728516
113.14159393310547
104.44898986816406
83.74893188476562
87.17697143554688
79.64168548583984
60.86582946777344
58.1876106262207
48.07307434082031
91.79560089111328
75.97726440429688
75.0192642211914
85.2470932006836
81.71197509765625
73.10340118408203
81.52890014648438
82.82178497314453
80.92658233642578
61.10082244873047
58.61689376831055
47.86437225341797
137.41748046875
128.93280029296875
110.98406982421875
122.73590850830078
118.7342529296875
102.28823852539062
78.28409576416016
80.00991821289062
65.6639633178711
60.743553161621094
51.90074157714844
54.17324447631836
159.5372772216797
173.6553955078125
140.74264526367188
163.93212890625
150.19918823242188
141.60682678222656
113.21415710449219
117.74768829345703
106.69647216796875
84.1452865600586
67.41404724121094
69.2750244140625
150.8712158203125
147.0170135498047
129.3387908935547
135.53121948242188
124.66505432128906
127.25814819335938
116.00747680664062
109.4774169921875
98.53307342529297
83.94989013671875
83.34123992919922
65.19633483886719
157.27261352539062
157.13987731933594
139.1488494873047
147.00234985351562
136.0128173828125
125.52593994140625
118.26689147949219
114.99140167236328
114.41678619384766
82.19496154785156
72.48094177246094
74.7475814819336
146.26182556152344
166.30410766601562
141.97023010253906
147.53956604003906
125.97808837890625
110.26780700683594
125.25991821289062
127.99359130859375
120.89830017089844
77.41031646728516
54.81631088256836
64.06468963623047
155.3899688720703
153.0135040283203
123.55941772460938
152.15469360351562
140.5574951171875
114.12713623046875
144.88046264648438
122.94654083251953
122.35038757324219
102.88924407958984
127.5757827758789
70.0071792602539
121.37002563476562
130.6029510498047
117.94867706298828
124.55189514160156
129.72393798828125
115.52743530273438
144.42916870117188
122.44525146484375
107.58331298828125
102.97705841064453
94.10352325439453
93.18394470214844
109.99967956542969
113.13789367675781
110.53773498535156
115.73027038574219
109.987548828125
86.207763671875
134.29444885253906
136.08477783203125
114.79857635498047
93.88983154296875
86.19613647460938
70.43321228027344
173.6219940185547
192.71824645996094
182.9219970703125
178.85574340820312
153.3829345703125
101.88029479980469
124.84318542480469
124.34307861328125
126.16038513183594
81.8100357055664
80.3311767578125
70.67251586914062
153.5102996826172
147.07339477539062
127.0369644165039
132.1624755859375
129.14935302734375
127.5552978515625
127.8128890991211
114.94932556152344
104.937255859375
89.06767272949219
63.40262985229492
67.46896362304688
146.23117065429688
146.8665313720703
130.07220458984375
133.61305236816406
118.61759185791016
120.33223724365234
111.85554504394531
114.24305725097656
108.25934600830078
83.3603286743164
66.07176971435547
71.28126525878906
133.7065887451172
138.43228149414062
122.27839660644531
134.43032836914062
113.32046508789062
111.24883270263672
119.09672546386719
125.96571350097656
115.13746643066406
72.03773498535156
32.41115951538086
57.68762969970703
148.10003662109375
165.16822814941406
127.3399429321289
156.64163208007812
137.79969787597656
104.20423889160156
212.6311798095703
214.55300903320312
132.52891540527344
160.41290283203125
133.70628356933594
123.30580139160156
117.92832946777344
128.11965942382812
141.4464111328125
143.36700439453125
161.91397094726562
123.56497955322266
103.9306640625
100.92408752441406
86.9922866821289
83.0537109375
60.05260467529297
79.11971282958984
117.3285903930664
118.54646301269531
105.71907806396484
132.35301208496094
119.74673461914062
118.70286560058594
94.50248718261719
92.63740539550781
91.84825897216797
87.547607421875
62.335182189941406
74.48119354248047
123.99520874023438
124.63702392578125
106.6500473022461
146.48727416992188
132.4925079345703
173.6806640625
93.1430435180664
103.15946960449219
98.92507934570312
75.74397277832031
76.90158081054688
66.95147705078125
129.6817169189453
144.94813537597656
131.70985412597656
144.69920349121094
117.8105239868164
87.13187408447266
142.81509399414062
127.68121337890625
110.70475769042969
103.922607421875
73.6292724609375
82.13578796386719
136.76898193359375
152.09185791015625
141.78541564941406
143.90623474121094
163.46490478515625
129.88494873046875
150.69119262695312
138.56552124023438
121.91494750976562
114.58842468261719
99.9560317993164
85.02141571044922
148.00270080566406
150.21702575683594
126.88583374023438
155.07632446289062
156.68597412109375
177.47833251953125
106.63359832763672
102.6509017944336
95.31196594238281
87.26909637451172
87.349853515625
79.76258087158203
140.1527862548828
152.05531311035156
140.32505798339844
151.8076934814453
124.90140533447266
134.6317901611328
138.53526306152344
118.75627136230469
117.80679321289062
94.67969512939453
78.0872573852539
76.88523864746094
152.2921600341797
153.6765594482422
123.91670989990234
149.203857421875
133.543212890625
109.5056381225586
110.11538696289062
111.80133056640625
109.41657257080078
84.39038848876953
72.74726867675781
66.1838150024414
127.12712860107422
137.5688934326172
115.15040588378906
138.9682159423828
119.72047424316406
104.03138732910156
116.22732543945312
120.31439971923828
109.47602081298828
78.52635192871094
63.329132080078125
64.96088409423828
156.34449768066406
153.9784698486328
123.70755767822266
150.73887634277344
145.12794494628906
113.44436645507812
109.30593872070312
112.3331069946289
102.35612487792969
79.19921875
66.86872863769531
66.93348693847656
151.25242614746094
153.52542114257812
143.61668395996094
148.6700897216797
128.18370056152344
125.15130615234375
116.57284545898438
119.44747924804688
117.74627685546875
77.83386993408203
66.1761245727539
65.41437530517578
149.67713928222656
157.4170379638672
138.39146423339844
154.48268127441406
123.8139877319336
121.6373291015625
105.95989990234375
111.04700469970703
103.04612731933594
77.27010345458984
68.2691879272461
66.79789733886719
153.20932006835938
147.20333862304688
127.90904235839844
131.13626098632812
122.30614471435547
125.74659729003906
126.26405334472656
127.39936828613281
109.0836181640625
80.7001953125
48.331722259521484
65.36683654785156
151.2020721435547
156.27854919433594
134.54881286621094
147.85397338867188
119.11576843261719
124.06700134277344
136.33103942871094
125.28400421142578
108.12060546875
95.9610595703125
70.23656463623047
70.89852142333984
117.01953125
116.1805191040039
113.2202377319336
134.0042266845703
101.368896484375
108.98973846435547
118.69271087646484
121.99238586425781
104.09898376464844
90.22854614257812
68.4446029663086
69.6756362915039
102.411376953125
102.62870788574219
102.79058074951172
113.52616882324219
81.88386535644531
79.38890838623047
129.40219116210938
131.0293426513672
118.90303039550781
102.82435607910156
81.00768280029297
71.47090148925781
181.59178161621094
189.2747039794922
170.08018493652344
169.1204071044922
145.23681640625
117.75898742675781
105.20793151855469
110.41282653808594
103.16899108886719
80.91645812988281
71.26726531982422
68.87309265136719
112.4637222290039
126.88410186767578
124.76669311523438
125.49362182617188
114.59618377685547
116.72711944580078
98.0033950805664
101.35311889648438
104.57198333740234
73.01542663574219
78.64139556884766
67.016845703125
127.5562973022461
140.0490264892578
123.8963851928711
136.29579162597656
125.01972198486328
104.27767181396484
95.50546264648438
97.81304168701172
109.35709381103516
64.18028259277344
61.847537994384766
72.0723876953125
120.1618423461914
102.31129455566406
106.66980743408203
109.34503936767578
84.70142364501953
96.2953109741211
89.9381103515625
94.68846130371094
89.74663543701172
68.40201568603516
73.54249572753906
76.9625244140625
115.94718933105469
106.6507568359375
102.50154876708984
111.96797180175781
92.57196807861328
85.61579895019531
83.39160919189453
91.84113311767578
87.46212768554688
71.26905822753906
64.278564453125
96.82032775878906
115.56389617919922
119.39013671875
115.41806030273438
123.25527954101562
111.62472534179688
94.4064712524414
115.30079650878906
119.01731872558594
113.70559692382812
77.69385528564453
74.95816802978516
65.45809936523438
115.29479217529297
128.53890991210938
127.35694885253906
133.37245178222656
127.40206146240234
132.35708618164062
103.04069519042969
108.8749008178711
96.95945739746094
78.2464599609375
75.43305206298828
65.78160858154297
122.56434631347656
118.42106628417969
118.97059631347656
112.90328216552734
126.53837585449219
102.63732147216797
102.11933135986328
100.01768493652344
91.67962646484375
80.73866271972656
72.32330322265625
75.2667236328125
128.97105407714844
155.29806518554688
131.07171630859375
151.08570861816406
112.4392318725586
110.20142364501953
84.2331771850586
90.22186279296875
85.8143081665039
73.32089233398438
64.9531478881836
89.9365463256836
114.28636169433594
125.85311126708984
118.56817626953125
126.43556213378906
108.87348937988281
108.45687866210938
71.02242279052734
80.75068664550781
72.763916015625
67.33445739746094
77.98460388183594
74.73747253417969
113.98150634765625
120.59171295166016
110.9998550415039
118.75656127929688
127.4438705444336
95.32320404052734
86.1984634399414
91.98463439941406
89.62433624267578
62.11167526245117
61.21607971191406
77.49044799804688
91.92705535888672
85.9726333618164
80.22919464111328
86.64190673828125
88.8960952758789
107.3559341430664
95.57439422607422
102.66924285888672
102.2464599609375
65.39471435546875
59.02410888671875
68.3873519897461
112.82257080078125
112.66677856445312
112.58668518066406
121.74471282958984
108.22692108154297
126.50811004638672
102.44573974609375
108.37876892089844
97.37549591064453
64.86287689208984
61.81216049194336
58.18712615966797
14.138296127319336
14.849985122680664
22.514122009277344
16.569501876831055
14.189424514770508
14.117226600646973
6.5067830085754395
13.530734062194824
7.368402481079102
8.138384819030762
5.314616680145264
4.9679999351501465
15.926905632019043
16.55959129333496
12.870988845825195
20.480884552001953
19.95013999938965
11.469096183776855
8.227347373962402
12.887899398803711
15.940849304199219
10.23702621459961
13.632116317749023
9.894510269165039
11.5084228515625
15.753716468811035
16.028358459472656
17.216184616088867
21.73472785949707
11.64174747467041
11.247676849365234
4.596041679382324
15.72893238067627
15.058862686157227
16.952529907226562
10.740203857421875
10.26656436920166
18.218412399291992
30.730850219726562
24.381053924560547
24.822847366333008
20.670698165893555
9.86303424835205
5.925511837005615
15.716720581054688
15.078493118286133
17.597137451171875
9.58434772491455
11.484186172485352
17.034406661987305
11.90749740600586
15.85026741027832
29.147184371948242
14.771615982055664
15.94765567779541
20.81450843811035
14.105460166931152
15.777188301086426
-2.559063196182251
9.475117683410645
19.053607940673828
22.82130241394043
15.350062370300293
19.703744888305664
15.777099609375
33.32492446899414
12.363141059875488
9.012235641479492
17.481067657470703
17.170475006103516
10.345149993896484
6.38731050491333
13.370325088500977
13.557258605957031
18.319156646728516
21.801490783691406
28.045642852783203
19.981903076171875
9.040891647338867
8.55587387084961
16.872867584228516
10.152974128723145
9.421159744262695
9.344029426574707
124.28296661376953
120.59300994873047
119.94696044921875
120.98121643066406
114.7743911743164
113.61145782470703
93.53941345214844
98.42021179199219
97.14395141601562
63.47738265991211
67.09329223632812
91.0228500366211
109.6030044555664
104.74015808105469
106.36138153076172
113.12344360351562
103.01932525634766
85.34809112548828
102.77674865722656
105.33973693847656
106.23633575439453
73.83141326904297
69.95114135742188
67.77613830566406
113.38168334960938
99.3951187133789
110.14253234863281
113.12850952148438
80.39764404296875
99.05077362060547
85.06747436523438
89.07884216308594
88.1217269897461
68.80984497070312
60.81324768066406
88.47624206542969
111.63860321044922
108.73658752441406
114.23613739013672
120.83625030517578
96.40196990966797
90.01449584960938
94.17012023925781
93.8847885131836
105.86699676513672
62.9059944152832
61.37098693847656
72.03438568115234
123.07310485839844
106.29603576660156
110.44703674316406
106.64942932128906
82.08724975585938
99.56393432617188
83.2270736694336
88.66590118408203
84.1630630493164
70.91444396972656
67.02100372314453
89.37863159179688
113.67996978759766
125.4132308959961
107.74459075927734
113.08031463623047
112.75434112548828
92.51103210449219
102.19108581542969
115.21783447265625
111.96497344970703
83.50016784667969
68.72013854980469
68.78507995605469
108.17304229736328
121.39046478271484
115.72465515136719
124.01661682128906
92.76571655273438
109.62920379638672
101.5142822265625
107.59169006347656
102.87260437011719
74.9358901977539
70.00245666503906
63.800697326660156
97.42294311523438
101.6492691040039
115.74285888671875
103.74214935302734
93.17980194091797
107.94670867919922
95.19013214111328
94.4334945678711
87.16053009033203
78.66973114013672
81.56016540527344
83.75717163085938
81.5137710571289
71.29798889160156
82.2113037109375
95.83929443359375
89.2291259765625
99.24272155761719
119.3486099243164
116.02682495117188
100.85862731933594
95.99769592285156
113.06024169921875
81.16410064697266
124.94267272949219
118.44957733154297
102.79386138916016
115.0438003540039
113.70050811767578
89.24951934814453
86.23117065429688
96.74064636230469
88.12220001220703
71.35444641113281
75.36162567138672
89.83650207519531