44.66908645629883
44.442562103271484
41.54994201660156
52.1639404296875
48.92685317993164
47.41277313232422
36.15471649169922
35.12252426147461
19.13971710205078
30.421228408813477
26.00151824951172
21.13903045654297
39.16615676879883
41.02904510498047
41.277305603027344
42.07788848876953
60.275596618652344
59.2206916809082
40.41691589355469
41.729496002197266
33.9083366394043
24.49593162536621
27.256057739257812
21.7846622467041
106.55867767333984
117.750732421875
109.31034851074219
83.99298858642578
82.03665161132812
98.86775207519531
38.10196304321289
34.072792053222656
26.28535270690918
24.05824851989746
15.58148193359375
24.63361167907715
44.7010383605957
54.38685607910156
55.01346969604492
53.96269607543945
51.07572555541992
57.71944808959961
37.926883697509766
33.73567581176758
32.410316467285156
25.77387809753418
22.59734535217285
29.73639678955078
46.285179138183594
63.9286003112793
47.32654571533203
56.30685043334961
57.669654846191406
50.69966506958008
47.01689529418945
37.4378547668457
50.787235260009766
40.60453796386719
49.13976287841797
14.542814254760742
37.73065185546875
50.87424087524414
50.0760612487793
50.18925094604492
60.209373474121094
65.52557373046875
53.00484848022461
48.66435241699219
26.409496307373047
31.854223251342773
28.031259536743164
55.6045036315918
31.495426177978516
39.39442825317383
40.52759552001953
42.38493728637695
40.59311294555664
52.440528869628906
67.5197982788086
59.414146423339844
41.05894470214844
40.98645782470703
35.377159118652344
33.23261642456055
53.02538299560547
52.97916030883789
47.07841491699219
45.704002380371094
51.6744384765625
52.55970001220703
44.70888900756836
50.44355773925781
23.719411849975586
35.25954055786133
19.97775650024414
25.00063133239746
58.26671600341797
56.74665069580078
59.99359893798828
58.9229850769043
64.63681030273438
48.15827560424805
51.06393814086914
50.34947204589844
38.88508987426758
35.16461944580078
18.59950828552246
17.29521369934082
111.27010345458984
126.6583251953125
109.5573501586914
91.10807800292969
112.01624298095703
125.35295867919922
48.350738525390625
38.64533233642578
24.9805850982666
30.692020416259766
34.43150329589844
5.0983076095581055
38.05458450317383
51.504364013671875
49.98305130004883
45.512447357177734
40.068355560302734
50.627689361572266
41.28510665893555
37.016719818115234
31.96440315246582
28.257062911987305
27.066694259643555
30.107040405273438
43.11423873901367
59.40873336791992
43.947879791259766
52.89386749267578
64.09307098388672
57.84049606323242
109.57914733886719
117.14533233642578
140.18316650390625
142.62643432617188
179.37782287597656
154.69329833984375
234.31124877929688
217.1486053466797
200.86407470703125
229.5849609375
252.34910583496094
228.09149169921875
170.07533264160156
156.77468872070312
132.06785583496094
111.93236541748047
102.53209686279297
107.67486572265625
185.17674255371094
223.52801513671875
287.3423767089844
273.1015319824219
270.2738342285156
217.61061096191406
154.8472442626953
132.5172576904297
117.66177368164062
104.19132995605469
112.29989624023438
98.91238403320312
145.1716766357422
178.9243621826172
193.9884033203125
105.13330078125
191.23492431640625
194.35264587402344
162.00941467285156
117.4666748046875
104.6703872680664
103.66394805908203
92.82596588134766
87.96480560302734
157.7095489501953
173.18626403808594
212.94313049316406
218.58485412597656
209.87606811523438
220.68621826171875
197.4488067626953
197.9589080810547
140.6476287841797
129.79327392578125
100.16703796386719
123.69744110107422
127.98758697509766
170.07794189453125
188.3124237060547
143.4529266357422
185.34371948242188
160.92929077148438
204.65879821777344
194.2871856689453
177.04708862304688
153.5021209716797
169.48133850097656
143.542724609375
135.35684204101562
153.6398162841797
180.66290283203125
169.44430541992188
181.42611694335938
186.1453399658203
187.49655151367188
161.4192352294922
150.32958984375
124.08662414550781
119.86206817626953
133.05320739746094
111.1987075805664
118.22225189208984
127.55488586425781
149.62542724609375
151.19473266601562
135.10928344726562
177.07196044921875
137.5623016357422
138.7803955078125
98.24524688720703
111.66638946533203
86.49596405029297
31.595870971679688
47.855228424072266
46.414459228515625
38.50980758666992
30.29093360900879
44.8543701171875
32.4032096862793
30.24378776550293
24.797950744628906
24.94239616394043
23.15506935119629
19.593645095825195
34.8697624206543
39.92338943481445
36.90959548950195
45.870452880859375
43.61983871459961
47.417625427246094
27.399751663208008
35.4085693359375
20.58738899230957
25.041147232055664
28.413541793823242
26.852283477783203
44.040096282958984
46.01646041870117
50.257606506347656
48.19777297973633
40.63898849487305
51.17411422729492
29.379241943359375
25.945480346679688
19.344419479370117
20.010961532592773
22.766460418701172
26.45552635192871
54.777713775634766
54.46692657470703
44.4027214050293
57.992435455322266
51.07624816894531
48.08120346069336
35.40016555786133
31.292713165283203
31.631784439086914
25.485506057739258
22.987869262695312
27.40534210205078
38.64604568481445
51.654449462890625
50.23402404785156
54.653297424316406
54.49098587036133
37.75192642211914
37.800228118896484
36.98615264892578
24.107526779174805
25.799116134643555
19.2197322845459
24.649826049804688
57.423133850097656
66.45970153808594
59.73647689819336
68.95344543457031
55.05055236816406
61.062808990478516
38.87196350097656
48.034542083740234
28.36568260192871
33.18295669555664
27.815235137939453
24.036325454711914
29.36656951904297
56.171016693115234
42.02617263793945
38.21181869506836
47.08891677856445
49.371925354003906
58.440673828125
57.27128219604492
37.47439956665039
42.83972930908203
30.97254753112793
58.11347198486328
55.1409912109375
59.2883186340332
61.83592987060547
67.60355377197266
74.76220703125
56.93416976928711
61.74311065673828
64.81623840332031
38.17402267456055
44.00089645385742
31.30475425720215
30.7243595123291
37.53868865966797
44.64295959472656
37.378719329833984
54.25782012939453
49.92871856689453
53.043670654296875
67.54668426513672
64.48365783691406
33.69292068481445
42.77016067504883
37.386348724365234
40.35038757324219
60.620208740234375
58.466331481933594
60.32132339477539
58.28910446166992
50.40678024291992
48.8770866394043
44.771785736083984
37.14029312133789
28.625280380249023
29.360055923461914
22.018875122070312
13.844625473022461
111.42852783203125
117.02080535888672
114.99652099609375
106.49120330810547
114.251220703125
128.29611206054688
105.46043395996094
116.80670928955078
130.58001708984375
69.7642593383789
93.37364196777344
70.21714782714844
135.47116088867188
142.37857055664062
142.2875213623047
170.6883544921875
137.16639709472656
185.51991271972656
91.10623168945312
97.67646789550781
131.5832061767578
77.52494812011719
73.97853088378906
72.90540313720703
105.72068786621094
115.0170669555664
111.7080078125
123.48331451416016
100.07872009277344
110.20027923583984
95.6530532836914
115.91539764404297
115.83387756347656
71.47139739990234
77.32443237304688
67.49976348876953
101.90583801269531
105.77206420898438
114.20919036865234
121.0640869140625
100.1011962890625
111.20951080322266
103.2125015258789
112.72908782958984
122.56350708007812
70.5891342163086
73.43122863769531
94.96208953857422
108.64234924316406
119.826416015625
115.80805206298828
147.87620544433594
120.06354522705078
123.96722412109375
107.40930938720703
123.10911560058594
125.76246643066406
80.47924041748047
85.75645446777344
82.73039245605469
95.31607055664062
101.91340637207031
107.00933074951172
88.37323760986328
97.25733947753906
82.75225830078125
90.61936950683594
106.03076934814453
100.4921646118164
61.9465446472168
68.0620346069336
68.30073547363281
87.73738861083984
97.47968292236328
95.19302368164062
123.8929214477539
96.2744140625
94.7779541015625
100.9716796875
113.25504302978516
113.12657165527344
64.62129974365234
70.54605102539062
68.19975280761719
124.42935943603516
133.09219360351562
122.94261932373047
151.7213592529297
124.50669860839844
111.77233123779297
100.92781829833984
113.47518920898438
114.38130187988281
67.95909881591797
81.0641860961914
61.40108108520508
114.62640380859375
117.29279327392578
129.31387329101562
145.1256103515625
114.79588317871094
87.87316131591797
101.76526641845703
116.52873229980469
112.45328521728516
71.28099060058594
77.56643676757812
66.73146057128906
102.59765625
110.33101654052734
110.17496490478516
99.48985290527344
105.34851837158203
95.45339965820312
84.13731384277344
111.02901458740234
106.21583557128906
74.24198913574219
68.96354675292969
73.58260345458984
87.16361236572266
91.43833923339844
96.2768325805664
95.32398223876953
93.2137222290039
86.40608215332031
82.2120361328125
81.35396575927734
111.4259262084961
74.5016860961914
61.57831954956055
100.14656829833984
108.01828002929688
112.31249237060547
115.633056640625
151.78677368164062
122.99791717529297
112.58031463623047
88.12760925292969
93.18463897705078
115.2091293334961
26.49612808227539
26.709199905395508
46.50389862060547
4.0194597244262695
11.43574047088623
15.923422813415527
21.098979949951172
22.23460578918457
11.651566505432129
7.797652721405029
11.701780319213867
5.882315635681152
8.958880424499512
6.252924919128418
13.084162712097168
13.297534942626953
17.422391891479492
13.969836235046387
13.51382064819336
12.15883731842041
11.780617713928223
4.3736042976379395
12.366509437561035
11.064114570617676
8.458231925964355
11.393263816833496
9.820436477661133
13.60020923614502
19.35959815979004
15.953617095947266
15.631620407104492
19.132518768310547
24.030290603637695
8.580302238464355
14.922351837158203
11.94970703125
9.933457374572754
11.147723197937012
13.026463508605957
20.038227081298828
24.71523094177246
22.84130096435547
25.295413970947266
20.837810516357422
24.641077041625977
9.226216316223145
12.951315879821777
16.22563934326172
13.724120140075684
14.184870719909668
13.115134239196777
15.787631034851074
19.014087677001953
20.993038177490234
15.44229793548584
30.430606842041016
29.2203369140625
9.689298629760742
14.47449779510498
16.043106079101562
10.915999412536621
18.908096313476562
12.963942527770996
14.602531433105469
21.220413208007812
20.35942268371582
19.16927719116211
28.553359985351562
27.15130615234375
13.164114952087402
18.07724380493164
19.495267868041992
16.211139678955078
10.036672592163086
18.41673469543457
21.536951065063477
24.36119842529297
26.21396255493164
23.851703643798828
29.559144973754883
25.827016830444336
10.919476509094238
24.34502601623535
16.463207244873047
12.605563163757324
18.469194412231445
12.616565704345703
99.58656311035156
104.21471405029297
101.98566436767578
114.9060287475586
92.30488586425781
128.02076721191406
85.51337432861328
103.13166809082031
98.5931167602539
60.372337341308594
66.84815979003906
58.41693115234375
112.86164855957031
115.12840270996094
107.27626037597656
124.5738754272461
106.1669921875
84.71508026123047
94.86511993408203
107.44879150390625
112.50533294677734
63.425106048583984
70.48416137695312
68.7259521484375
127.06588745117188
132.4187774658203
124.20086669921875
135.05621337890625
127.32799530029297
114.70259094238281
101.2212905883789
135.16172790527344
114.68677520751953
76.54228973388672
75.78226470947266
73.91913604736328
114.72895812988281
113.71961212158203
123.89225769042969
144.0983428955078
109.87213897705078
118.7135238647461
90.97908020019531
101.06105041503906
119.06584167480469
66.5813217163086
71.1077880859375
81.40576171875
106.12844848632812
116.56926727294922
111.42341613769531
112.90697479248047
103.18225860595703
105.72840881347656
102.04165649414062
122.06932067871094
129.89210510253906
73.87832641601562
85.81464385986328
72.49698638916016
107.70347595214844
113.91712188720703
116.58172607421875
121.57568359375
102.23326873779297
110.7853012084961
95.25594329833984
102.05775451660156
122.02824401855469
63.90462875366211
62.9329719543457
88.77171325683594
115.75354766845703
122.760009765625
118.37760925292969
117.81637573242188
112.47371673583984
141.81753540039062
110.84423065185547
123.36591339111328
116.44265747070312
72.08677673339844
72.27458190917969
91.32421112060547
77.73280334472656
85.95426177978516
90.01813507080078
108.14341735839844
84.32042694091797
122.967041015625
89.83590698242188
106.48402404785156
102.59140014648438
60.86790466308594
68.4955062866211
74.50146484375
45.5184211730957
69.11800384521484
54.0484619140625
94.24019622802734
107.77476501464844
109.95999908447266
110.57170104980469
129.7642364501953
113.66508483886719
81.71498107910156
91.58102416992188
73.20063018798828
122.74868774414062
140.85015869140625
138.09454345703125
154.09535217285156
137.05413818359375
128.19053649902344
99.49786376953125
113.91803741455078
113.98651123046875
66.6299819946289
76.67463684082031
66.218994140625
110.12649536132812
115.77984619140625
98.58412170410156
93.61457061767578
84.99756622314453
72.30852508544922
88.09732055664062
84.5427474975586
80.6854248046875
63.15085983276367
64.08658599853516
58.3667106628418
113.73078918457031
111.05265045166016
116.43277740478516
105.9608383178711
91.34271240234375
83.18233489990234
76.12183380126953
68.1509017944336
73.50936889648438
58.53205108642578
55.33354187011719
50.95982360839844
43.6287956237793
42.93437957763672
54.78569793701172
107.7983627319336
99.67325592041016
79.53157043457031
84.1922607421875
81.92279815673828
81.12212371826172
63.52079772949219
70.50740814208984
60.390296936035156
104.89878845214844
108.99930572509766
102.85819244384766
103.39575958251953
84.6514663696289
78.77222442626953
82.39691925048828
78.09564971923828
85.44453430175781
76.23446655273438
61.25786590576172
64.9661865234375
112.21797180175781
118.07549285888672
113.78811645507812
114.43560028076172
96.78022003173828
78.99987030029297
95.57132720947266
92.57069396972656
90.55097198486328
62.40186309814453
74.12834930419922
86.44127655029297
85.09295654296875
87.66219329833984
84.35626983642578
89.27096557617188
93.42925262451172
101.47517395019531
87.5331802368164
90.74407196044922
72.4099349975586
56.93012237548828
47.162113189697266
71.35726928710938
72.72030639648438
75.8447265625
72.73219299316406
103.21505737304688
98.03389739990234
83.64911651611328
76.05220794677734
67.9329833984375
62.26191711425781
61.318416595458984
51.874027252197266
123.54031372070312
132.2617645263672
115.9181900024414
121.44490814208984
101.1810073852539
84.55489349365234
75.62557983398438
68.93096160888672
64.59858703613281
57.230220794677734
53.48419952392578
54.56733703613281
116.57679748535156
107.5289306640625
121.85505676269531
111.47982788085938
86.65814208984375
93.51128387451172
80.92236328125
74.56365966796875
76.70946502685547
62.80881118774414
62.044124603271484
64.18062591552734
41.49226760864258
40.214515686035156
46.645057678222656
36.424991607666016
19.267465591430664
21.961259841918945
49.646018981933594
83.09557342529297
69.99024963378906
45.307220458984375
58.015193939208984
56.68760299682617
95.68058013916016
103.71009826660156
112.08898162841797
126.71993255615234
96.75636291503906
87.0784912109375
83.95667266845703
80.58519744873047
75.25363159179688
60.95840072631836
58.194068908691406
70.88909149169922
110.13250732421875
113.58344268798828
109.08078002929688
110.34294891357422
94.67797088623047
78.29471588134766
135.68423461914062
136.66537475585938
97.91276550292969
74.40663146972656
66.28797149658203
58.12187194824219
18.475025177001953
16.56627082824707
13.614275932312012
12.45457649230957
13.162155151367188
12.04493236541748
10.636691093444824
8.696419715881348
5.3282952308654785
5.945791244506836
5.868772506713867
6.920451641082764
72.81305694580078
23.710094451904297
22.004714965820312
14.908373832702637
9.9060697555542
9.527950286865234
9.210638999938965
7.3053388595581055
2.366354465484619
4.822406768798828
3.3546459674835205
6.467209815979004
7.528984069824219
6.719371795654297
5.816249847412109
6.248941898345947
6.913269519805908
2.6724555492401123
9.793146133422852
4.6799492835998535
2.92499041557312
8.664804458618164
8.855533599853516
10.924946784973145
9.869972229003906
12.931921005249023
15.344620704650879
11.793500900268555
9.603219985961914
9.521979331970215
9.437480926513672
8.082798957824707
10.874691009521484
13.259889602661133
12.49742603302002
5.912044048309326
14.400914192199707
10.92622184753418
19.11067008972168
14.664308547973633
11.774036407470703
10.364294052124023
13.3341646194458
6.443249702453613
8.0711030960083
6.734678268432617
21.201311111450195
16.106740951538086
12.515344619750977
12.87254810333252
15.340765953063965
13.189725875854492
10.190831184387207
13.325823783874512
5.745481491088867
9.736563682556152
7.923405170440674
13.665546417236328
9.972884178161621
10.575430870056152
6.108283042907715
10.9483003616333
9.760592460632324
10.387145042419434
7.322000026702881
9.533313751220703
5.788939476013184
7.708075523376465
97.89442443847656
103.61973571777344
99.9591064453125
102.23039245605469
96.54399871826172
93.50674438476562
61.51279067993164
57.181514739990234
53.04854202270508
46.35251998901367
50.23374938964844
42.22660446166992
117.51893615722656
111.09319305419922
108.66130065917969
116.80435943603516
87.77836608886719
82.43074035644531
71.0590591430664
63.387813568115234
61.882511138916016
56.18537139892578
56.20463943481445
55.952823638916016
122.64836120605469
128.6668243408203
113.22760009765625
120.09502410888672
91.28015899658203
80.9796142578125
80.62682342529297
75.36622619628906
70.54130554199219
59.24700164794922
55.16168212890625
52.61506271362305
124.56137084960938
122.69715118408203
130.57704162597656
119.26251220703125
97.12845611572266
88.42648315429688
77.97108459472656
71.82135009765625
72.50225830078125
60.34660339355469
62.10817337036133
63.62826156616211
115.7777099609375
124.39543151855469
113.48013305664062
117.40006256103516
104.27271270751953
85.54215240478516
77.96772766113281
76.29090118408203
72.962158203125
60.49176788330078
62.49397277832031
57.74077606201172
118.74827575683594
130.1385040283203
123.73680877685547
129.884765625
104.7738037109375
88.48998260498047
81.48506164550781
78.6339340209961
71.80196380615234
61.90229415893555
58.633697509765625
59.79722595214844
114.07696533203125
121.67973327636719
116.45793151855469
121.74691772460938
103.28970336914062
76.87552642822266
94.16452026367188
95.71917724609375
83.0023422241211
64.06681823730469
71.37779998779297
68.24552917480469
79.3138427734375
92.40548706054688
94.82197570800781
105.24024963378906
126.3778305053711
102.2815170288086
85.12175750732422
87.14432525634766
74.19515228271484
56.58378601074219
52.5892219543457
48.11838912963867
78.42642211914062
74.5931396484375
84.71672821044922
91.93415069580078
101.86915588378906
90.29397583007812
81.49505615234375
75.23583984375
69.59043884277344
55.95350646972656
60.63218688964844
36.60212707519531
124.81889343261719
128.0753173828125
111.58464813232422
122.84497833251953
97.6749267578125
83.28874206542969
78.91224670410156
70.3700180053711
69.92723083496094
55.952491760253906
54.36878967285156
52.80755615234375
151.60313415527344
163.5998992919922
145.40814208984375
150.8885498046875
143.1888885498047
126.37448120117188
116.37689971923828
125.22113800048828
98.76456451416016
86.39470672607422
72.98165130615234
67.58167266845703
158.35476684570312
150.477294921875
162.86900329589844
152.7913360595703
131.95347595214844
135.93336486816406
123.26920318603516
119.64046478271484
101.27074432373047
96.7337875366211
80.84119415283203
74.80988311767578
146.7215118408203
156.16624450683594
148.41668701171875
150.12205505371094
130.8029022216797
121.80653381347656
111.24193572998047
114.97599792480469
105.41751098632812
89.25596618652344
71.6689224243164
76.9999008178711
139.5209197998047
153.48275756835938
150.91038513183594
141.04931640625
124.94847106933594
100.5411148071289
123.48069763183594
126.86842346191406
120.09298706054688
83.07557678222656
61.72994613647461
83.2348861694336
150.98681640625
159.6515655517578
153.86331176757812
169.95213317871094
152.26858520507812
124.18933868408203
149.86378479003906
122.56793212890625
123.00310516357422
99.35762023925781
115.34736633300781
75.6758804321289
107.65444946289062
113.77507781982422
112.69912719726562
110.07368469238281
96.68566131591797
134.59115600585938
137.2357635498047
124.388671875
97.50618743896484
98.6446304321289
94.32259368896484
105.35908508300781
110.92791748046875
116.51873779296875
113.34217834472656
114.7952651977539
103.8978042602539
94.08362579345703
133.4209442138672
137.90127563476562
104.91024017333984
93.79041290283203
83.62641906738281
84.09722900390625
157.46759033203125
172.22930908203125
157.4801025390625
150.2097930908203
149.32373046875
114.91757202148438
117.2718505859375
122.80836486816406
110.33212280273438
84.58055877685547
78.2669906616211
62.294677734375
160.93748474121094
154.8278045654297
165.67237854003906
155.0587615966797
137.31268310546875
135.67466735839844
121.00300598144531
135.74771118164062
118.850830078125
97.08577728271484
68.61827850341797
85.1264877319336
143.86383056640625
147.8581085205078
147.90155029296875
144.02328491210938
121.7221908569336
114.16935729980469
113.49766540527344
128.0238494873047
111.933837890625
88.70790100097656
70.2256851196289
64.98714447021484
133.59811401367188
139.32179260253906
140.79405212402344
133.65618896484375
110.14163208007812
102.40560150146484
111.7710952758789
113.60418701171875
117.68704223632812
74.23514556884766
38.700531005859375
61.27579116821289
140.62396240234375
155.02420043945312
147.895263671875
164.52267456054688
141.4625244140625
110.60984802246094
192.6505889892578
205.4598846435547
144.8487091064453
163.45474243164062
126.4896240234375
111.69364929199219
108.38394165039062
133.99526977539062
152.17010498046875
159.02011108398438
171.88833618164062
116.24703216552734
106.3351058959961
101.83538818359375
90.06553649902344
87.3747787475586
65.58099365234375
73.7471694946289
123.51325225830078
126.41331481933594
143.52304077148438
176.58287048339844
157.1977081298828
160.79736328125
105.00247955322266
101.73904418945312
92.65687561035156
80.5149154663086
61.578399658203125
66.96392059326172
131.45809936523438
135.08224487304688
138.2440185546875
176.3765869140625
155.0348358154297
211.36839294433594
98.91300201416016
109.94551849365234
101.0241470336914
87.56196594238281
77.0157699584961
69.13829040527344
140.38833618164062
146.8787841796875
165.13497924804688
178.44921875
153.17344665527344
107.0604476928711
146.34695434570312
126.81610107421875
111.8081283569336
120.25383758544922
81.99805450439453
106.41075897216797
135.6954345703125
161.6025390625
150.47219848632812
169.0086669921875
169.6790008544922
116.8288345336914
163.63482666015625
145.46493530273438
132.27716064453125
121.4874267578125
106.45164489746094
99.13223266601562
148.17889404296875
149.41384887695312
149.65748596191406
172.5305633544922
171.89987182617188
178.3260498046875
108.37237548828125
107.15506744384766
101.9388198852539
93.96861267089844
74.46866607666016
73.27892303466797
122.11078643798828
134.65435791015625
132.98858642578125
155.2296600341797
141.20986938476562
150.57485961914062
136.88076782226562
118.55432891845703
111.6941909790039
92.65934753417969
88.97736358642578
87.12415313720703
136.7686767578125
146.94207763671875
141.2032012939453
150.3848876953125
132.28823852539062
132.3692169189453
103.93560028076172
113.43675994873047
96.60713195800781
76.48767852783203
56.96358108520508
57.9015998840332
137.5117950439453
141.7156219482422
134.83438110351562
141.26156616210938
123.54270935058594
95.29644775390625
115.56443786621094
117.32565307617188
98.9255142211914
84.8598403930664
69.35960388183594
68.75240325927734
154.45452880859375
160.05088806152344
147.5718994140625
152.85101318359375
139.7992706298828
121.34252166748047
109.36563873291016
117.59454345703125
93.55683898925781
84.08133697509766
69.98102569580078
68.20882415771484
156.30970764160156
156.42308044433594
162.76242065429688
156.30172729492188
133.36392211914062
129.98629760742188
112.19379425048828
116.88050842285156
111.12289428710938
89.6748275756836
70.30741882324219
69.70906829833984
140.04905700683594
152.13404846191406
142.432861328125
148.83522033691406
128.36375427246094
119.40570068359375
108.92996215820312
119.34757232666016
100.62535095214844
85.95429229736328
68.8472671508789
64.7414321899414
147.19398498535156
153.74183654785156
149.06063842773438
145.31736755371094
124.33595275878906
117.38992309570312
124.28871154785156
123.7081527709961
115.7854232788086
83.81561279296875
63.166751861572266
81.30182647705078
149.30235290527344
163.70677185058594
156.40782165527344
163.180908203125
141.713623046875
120.34606170654297
137.73464965820312
132.63807678222656
113.64392852783203
94.5042724609375
79.34349060058594
83.35693359375
111.75565338134766
113.02796936035156
121.0513916015625
119.00662994384766
98.3300552368164
123.12152099609375
125.70633697509766
126.00098419189453
99.76988983154297
89.02830505371094
77.71873474121094
73.77058410644531
99.31505584716797
109.58866882324219
113.2712631225586
111.90628814697266
96.0213851928711
79.9388656616211
126.63984680175781
135.57382202148438
107.05044555664062
94.8446273803711
83.1115493774414
77.72083282470703
162.2062225341797
174.0630340576172
161.9578857421875
157.4024658203125
150.50985717773438
132.56353759765625
108.6055679321289
113.56461334228516
91.47611999511719
85.53594970703125
74.46105194091797
63.1148796081543
115.47174072265625
141.66976928710938
136.96961975097656
132.40447998046875
116.12653350830078
119.07589721679688
98.3228759765625
103.90447235107422
114.95381164550781
78.98515319824219
77.7784423828125
78.92919158935547
138.9423370361328
159.22964477539062
176.0426788330078
155.81488037109375
160.17636108398438
156.20664978027344
91.74658966064453
91.77430725097656
116.17389678955078
86.89447784423828
68.28726196289062
96.88550567626953
109.98959350585938
120.59565734863281
133.6380615234375
132.82408142089844
97.96588897705078
89.84329223632812
94.28528594970703
103.56266021728516
102.30168914794922
80.3033218383789
68.37673950195312
70.29953002929688
113.61141967773438
128.57568359375
134.37173461914062
125.58370208740234
122.59103393554688
93.05121612548828
88.58956909179688
89.5597915649414
99.93202209472656
75.42341613769531
67.99366760253906
103.55764770507812
119.33943176269531
139.3839111328125
143.7743682861328
137.12106323242188
132.59791564941406
109.84649658203125
113.47525024414062
117.61463928222656
129.30987548828125
90.37345123291016
83.00559997558594
112.91300964355469
106.03643798828125
121.3913345336914
119.67756652832031
119.89269256591797
124.321533203125
130.5459442138672
107.78218078613281
108.24903869628906
99.66834259033203
79.58767700195312
72.69172668457031
91.61133575439453
122.96820068359375
112.50536346435547
125.20191955566406
126.35472869873047
128.01812744140625
99.69204711914062
105.20203399658203
103.8541488647461
96.16796112060547
85.2329330444336
79.28414916992188
80.2586441040039
134.41070556640625
169.02740478515625
144.9033660888672
148.20681762695312
126.42958068847656
118.71812438964844
85.19669342041016
87.08348083496094
91.09922790527344
74.5383529663086
66.44020080566406
80.91944885253906
118.90255737304688
138.3434600830078
144.3702850341797
139.70899963378906
129.8280487060547
94.20906066894531
81.05534362792969
77.89635467529297
103.73731231689453
75.51419830322266
70.21197509765625
94.46221923828125
98.40171813964844
119.7750473022461
123.68408203125
136.4996795654297
123.6416015625
92.58563995361328
85.10742950439453
91.86259460449219
100.75406646728516
74.70281219482422
64.54917907714844
85.22864532470703
86.83209228515625
91.31776428222656
107.20157623291016
131.52391052246094
107.50704193115234
121.16303253173828
94.05225372314453
95.6551742553711
106.34813690185547
71.3095474243164
64.07837677001953
70.69387817382812
103.86178588867188
126.24203491210938
127.69841003417969
128.5961151123047
117.0122299194336
111.34334564208984
100.97350311279297
105.08860778808594
110.54850769042969
75.95487213134766
62.013694763183594
45.79145812988281
16.222257614135742
13.759926795959473
19.961408615112305
16.951128005981445
6.688282012939453
16.353269577026367
7.906534194946289
11.414735794067383
8.444438934326172
9.952977180480957
7.812883377075195
7.900665760040283
11.831134796142578
16.89363670349121
10.633268356323242
24.538692474365234
17.206199645996094
13.094087600708008
4.83443021774292
13.7077054977417
8.986665725708008
8.235517501831055
15.300814628601074
6.375262260437012
13.493406295776367
15.340879440307617
18.877870559692383
19.166080474853516
22.115989685058594
18.1094913482666
11.476964950561523
5.814489364624023
8.811540603637695
9.516190528869629
20.544694900512695
12.950605392456055
12.954598426818848
16.908987045288086
32.916019439697266
26.95504379272461
23.271636962890625
23.100502014160156
7.546256065368652
10.3655424118042
16.054662704467773
13.048255920410156
10.295150756835938
7.609663486480713
11.445876121520996
19.83951187133789
21.867902755737305
30.609914779663086
30.454092025756836
18.921607971191406
12.822412490844727
18.97823715209961
18.868820190429688
16.551420211791992
6.272363662719727
9.205540657043457
18.343347549438477
18.30995750427246
25.99272346496582
31.01337242126465
18.530019760131836
28.87284278869629
12.0357027053833
11.171661376953125
14.406359672546387
13.16771411895752
11.37004566192627
7.087698459625244
16.747283935546875
30.007713317871094
16.315351486206055
31.244478225708008
27.25970458984375
29.091856002807617
8.678498268127441
14.28989315032959
12.613024711608887
14.085108757019043
11.17419719696045
15.415447235107422
111.70636749267578
116.85748291015625
131.09600830078125
134.43948364257812
122.95376586914062
101.07667541503906
90.56427001953125
95.56417846679688
99.8223876953125
67.16722106933594
60.213748931884766
97.0929946899414
99.99677276611328
100.33650207519531
104.83136749267578
122.82847595214844
107.37810516357422
89.94779968261719
98.82715606689453
104.33821868896484
108.49536895751953
81.7919692993164
71.51860046386719
81.71133422851562
108.310791015625
114.03752136230469
128.0157470703125
134.53184509277344
108.29022216796875
87.61703491210938
88.06230163574219
90.76861572265625
99.14888000488281
75.90438842773438
65.9853286743164
87.8826675415039
111.04533386230469
116.51044464111328
129.96144104003906
135.1717529296875
112.61418914794922
108.0683364868164
88.92810821533203
87.25808715820312
112.71551513671875
85.56468963623047
67.63208770751953
90.20193481445312
113.68846893310547
123.65119934082031
138.328125
135.08596801757812
102.2454605102539
91.38337707519531
82.9874496459961
85.7745361328125
91.49058532714844
76.75605773925781
64.61612701416016
94.80998992919922
109.1325454711914
132.27084350585938
133.43568420410156
122.3208236694336
124.05872344970703
102.4207992553711
110.09892272949219
114.93248748779297
110.08087158203125
81.37987518310547
77.94084167480469
76.22735595703125
100.09015655517578
128.05906677246094
128.35702514648438
132.13160705566406
112.85151672363281
111.64664459228516
102.61742401123047
117.96696472167969
117.95950317382812
86.12144470214844
72.19064331054688
50.711795806884766
89.76998138427734
104.61402893066406
112.08740234375
109.9560317993164
103.39314270019531
98.89495086669922
94.0537338256836
96.63933563232422
90.38504028320312
73.88777923583984
70.76373291015625
92.65655517578125
76.51095581054688
74.90571594238281
85.8163070678711
110.84097290039062
89.6147232055664
97.92791748046875
124.64440155029297
118.28430938720703
106.55030059814453
93.82450103759766
103.15235900878906
78.91627502441406
129.83615112304688
150.9539337158203
145.4456787109375
147.4072265625
119.77242279052734
108.78885650634766
94.70042419433594
95.07720184326172
94.12808227539062
80.14500427246094
72.69417572021484
90.51231384277344