40.95921325683594
44.30424118041992
34.27379608154297
55.63223648071289
52.729549407958984
45.09101104736328
45.79408264160156
30.453824996948242
22.61984634399414
23.474628448486328
24.647642135620117
17.653783798217773
37.79865264892578
36.24042510986328
30.34586524963379
53.453861236572266
70.27411651611328
51.71352767944336
38.105499267578125
37.58359146118164
38.0953483581543
24.046894073486328
24.4208984375
19.780136108398438
105.35855102539062
104.33573150634766
87.04586791992188
85.20509338378906
93.5015869140625
90.04952239990234
40.945640563964844
30.18518829345703
21.33745002746582
18.759891510009766
22.373836517333984
18.147510528564453
44.23073196411133
39.249908447265625
44.916229248046875
50.06502151489258
53.23786544799805
59.42024230957031
45.263545989990234
28.603750228881836
25.863313674926758
21.254230499267578
21.39410400390625
28.061185836791992
43.641441345214844
50.159385681152344
42.710960388183594
56.98706817626953
58.10569381713867
51.836944580078125
41.55036163330078
28.838809967041016
32.76458740234375
22.961597442626953
43.677974700927734
20.90422248840332
33.520263671875
38.67531204223633
42.8231086730957
54.885501861572266
66.45995330810547
58.45679473876953
59.91219711303711
45.23343276977539
29.01443099975586
26.020660400390625
25.571882247924805
46.87091827392578
28.892925262451172
35.1773681640625
32.123069763183594
49.996376037597656
43.27685546875
40.28786849975586
78.39089965820312
63.31198501586914
45.06739807128906
52.00881576538086
30.773521423339844
29.313268661499023
49.5075569152832
51.7454948425293
38.49666976928711
56.302555084228516
59.92629623413086
48.1722526550293
46.972015380859375
35.87545394897461
24.167388916015625
34.70308303833008
17.934986114501953
20.865018844604492
52.559207916259766
51.084373474121094
46.51647186279297
71.3626937866211
68.55486297607422
47.143917083740234
55.136436462402344
41.73875045776367
35.034149169921875
38.897178649902344
25.580400466918945
16.822275161743164
108.9350357055664
113.55370330810547
89.59671783447266
121.10662078857422
104.95903778076172
108.9845199584961
32.38274383544922
34.11726379394531
30.285982131958008
16.093017578125
12.436494827270508
11.707132339477539
41.27412033081055
34.365352630615234
38.89720916748047
53.881954193115234
42.68044662475586
46.5009765625
51.18024826049805
32.23623275756836
27.61967658996582
25.624801635742188
24.98661994934082
29.66122055053711
44.448890686035156
50.96078872680664
37.518287658691406
60.465309143066406
63.47517395019531
59.14609909057617
114.8446273803711
119.28366088867188
120.7254409790039
104.68510437011719
128.4397735595703
137.8937530517578
218.30665588378906
201.21221923828125
182.7529296875
225.25918579101562
237.31785583496094
232.5868682861328
152.90151977539062
146.1627655029297
115.43685150146484
108.13189697265625
98.14682006835938
89.13200378417969
153.76734924316406
203.74339294433594
215.0852813720703
238.43629455566406
263.4416198730469
212.789306640625
186.80929565429688
128.61199951171875
98.61585235595703
94.02223205566406
109.90991973876953
78.77803802490234
138.45645141601562
151.8389892578125
163.07130432128906
149.2931365966797
182.4954376220703
193.3240203857422
157.4455108642578
125.63240814208984
104.38531494140625
90.78913879394531
101.85487365722656
82.92913055419922
148.74102783203125
157.94932556152344
181.93423461914062
166.58583068847656
194.10472106933594
208.57015991210938
210.0633087158203
184.84451293945312
135.25830078125
143.6363983154297
98.87554931640625
105.92317962646484
130.13217163085938
146.62957763671875
160.60430908203125
148.3897705078125
177.16517639160156
163.27809143066406
169.5503387451172
190.539794921875
187.99728393554688
187.16702270507812
166.7602996826172
122.78138732910156
140.43905639648438
144.00807189941406
158.9052734375
148.7794647216797
174.8232879638672
178.7132568359375
170.92898559570312
162.28469848632812
133.78292846679688
148.9198455810547
122.11339569091797
130.49063110351562
122.51383972167969
110.98871612548828
107.70426177978516
133.05496215820312
137.48056030273438
125.86626434326172
165.49447631835938
123.55482482910156
127.82782745361328
73.1885757446289
115.1856689453125
63.61238479614258
22.6481876373291
34.70515060424805
36.02017593383789
41.379783630371094
37.59933853149414
41.478050231933594
33.10300064086914
19.2179012298584
16.147348403930664
14.532946586608887
32.32204055786133
16.399063110351562
27.675474166870117
33.89340591430664
32.22804260253906
57.20987319946289
46.0239143371582
41.43635940551758
28.72735023498535
18.132436752319336
17.259788513183594
26.372264862060547
32.04257583618164
24.412195205688477
38.20039367675781
42.95878601074219
36.540771484375
46.46478271484375
46.07158279418945
46.240840911865234
20.23673439025879
9.96901798248291
5.806606769561768
6.0258283615112305
25.449386596679688
21.391883850097656
58.736961364746094
50.67632293701172
41.29237747192383
54.639739990234375
52.78048324584961
39.81123733520508
44.80806350708008
25.215452194213867
23.186315536499023
24.85968017578125
29.32889175415039
18.927505493164062
31.47859764099121
45.68113708496094
39.34112548828125
56.00559997558594
55.38207244873047
37.142154693603516
39.27941131591797
30.902315139770508
23.963640213012695
20.11164093017578
24.61574935913086
20.96053695678711
62.61471939086914
54.96967315673828
53.08076477050781
67.05811309814453
56.90781021118164
60.049564361572266
50.20336151123047
31.799015045166016
33.363800048828125
30.93310546875
35.94331741333008
19.15137481689453
30.474884033203125
40.883201599121094
30.269018173217773
44.8632926940918
49.084068298339844
44.87047576904297
61.301605224609375
51.08881759643555
50.47203063964844
43.147762298583984
38.553096771240234
26.692859649658203
49.61125183105469
54.21581268310547
54.24202346801758
67.70147705078125
76.53341674804688
59.70491409301758
62.43431091308594
56.21030807495117
34.24725341796875
36.81158447265625
23.489238739013672
31.522016525268555
22.777816772460938
45.91280746459961
25.265485763549805
56.309261322021484
51.44150161743164
46.111087799072266
74.25736999511719
61.567684173583984
50.16334915161133
42.8560791015625
38.14153289794922
33.698726654052734
57.77815628051758
57.77339553833008
46.781307220458984
55.5689582824707
55.96940231323242
48.41448211669922
46.359798431396484
35.36085891723633
20.54237937927246
23.626216888427734
25.812742233276367
12.217873573303223
112.31709289550781
113.94824981689453
100.83277130126953
116.34270477294922
114.56359100341797
117.34957885742188
109.45504760742188
119.13719940185547
108.8676528930664
71.3233871459961
91.09297943115234
70.27603912353516
146.23927307128906
146.87539672851562
138.8760986328125
154.8614044189453
134.18711853027344
155.4327850341797
94.17121124267578
101.12027740478516
104.06596374511719
76.82303619384766
72.14453887939453
59.939640045166016
110.34147644042969
113.24993133544922
103.7410888671875
104.69099426269531
98.17034149169922
95.8790054321289
93.00802612304688
100.07508087158203
101.60497283935547
63.2806510925293
74.90850067138672
62.98896408081055
111.01952362060547
108.11456298828125
105.86231994628906
113.37513732910156
97.7305679321289
101.93006896972656
96.36154174804688
98.32646942138672
99.68201446533203
66.9009780883789
69.50200653076172
72.393310546875
104.35791015625
112.14630889892578
104.5010986328125
121.6710433959961
113.6635971069336
104.8185043334961
105.73042297363281
107.4554672241211
109.42574310302734
68.4522476196289
85.0845947265625
89.33867645263672
103.21946716308594
109.26634979248047
91.00469207763672
105.22705078125
89.93317413330078
103.79487609863281
94.76817321777344
85.15203094482422
90.91832733154297
54.876182556152344
78.74262237548828
47.302425384521484
88.86909484863281
83.9269027709961
89.17969512939453
105.01445007324219
93.0076675415039
90.88079071044922
99.54580688476562
107.4012222290039
95.67093658447266
56.07991409301758
76.37761688232422
52.94535446166992
130.2095184326172
128.96380615234375
111.7829360961914
127.43342590332031
119.85466766357422
119.66863250732422
97.93667602539062
106.0720443725586
102.91397857666016
59.94687271118164
77.0592269897461
53.14472579956055
120.83871459960938
118.95909881591797
121.20585632324219
128.025390625
120.71098327636719
103.7007827758789
95.2940673828125
92.85763549804688
95.47319793701172
60.2104377746582
87.98214721679688
60.24008560180664
105.7164306640625
113.99503326416016
105.01339721679688
114.07906341552734
111.85664367675781
105.56795501708984
79.74436950683594
95.6910171508789
98.9903793334961
55.09552001953125
71.03850555419922
58.89171600341797
86.05325317382812
82.9712142944336
98.18806457519531
87.51343536376953
118.9643325805664
82.38887786865234
79.0
85.43187713623047
94.60484313964844
56.24713134765625
63.8286247253418
72.42967987060547
110.51848602294922
109.30432891845703
105.82520294189453
127.09243774414062
109.0489501953125
112.20834350585938
66.1485824584961
86.17899322509766
93.95516204833984
39.985836029052734
27.14482879638672
43.12059020996094
3.9196507930755615
10.427549362182617
12.204019546508789
22.78618621826172
23.151405334472656
8.487590789794922
6.921252727508545
12.737610816955566
2.431135892868042
9.32847785949707
6.055629730224609
10.995080947875977
14.151333808898926
17.3583984375
-2.890199661254883
15.493821144104004
11.656168937683105
5.826851844787598
7.167745113372803
13.47365665435791
3.601829767227173
12.60527515411377
8.494047164916992
6.541415214538574
13.390780448913574
18.785961151123047
8.103196144104004
13.23337173461914
19.897964477539062
19.54249382019043
5.518254280090332
15.579078674316406
4.872291564941406
8.388425827026367
10.706514358520508
12.091157913208008
20.158523559570312
21.476037979125977
12.44188404083252
22.84075927734375
20.683359146118164
21.784217834472656
12.223941802978516
12.635015487670898
6.758337497711182
14.935431480407715
13.764520645141602
8.00403881072998
19.429880142211914
16.706323623657227
16.21561622619629
19.382362365722656
30.693017959594727
26.5415096282959
11.67835807800293
12.396079063415527
12.492469787597656
12.596840858459473
13.623720169067383
9.95153522491455
13.958603858947754
14.98262882232666
9.712560653686523
19.037208557128906
28.50937271118164
19.130460739135742
15.568635940551758
13.886883735656738
10.584654808044434
13.48058795928955
12.040491104125977
14.780921936035156
20.20457649230957
30.39389419555664
19.164674758911133
33.39996337890625
30.90949058532715
18.1882381439209
1.9119353294372559
18.997102737426758
7.035407066345215
16.661579132080078
19.936864852905273
6.218822479248047
103.91581726074219
106.24414825439453
87.52993774414062
107.0506591796875
84.18614196777344
120.03263092041016
87.97343444824219
84.45023345947266
90.0141830444336
57.347900390625
70.10633087158203
53.20707702636719
106.49678802490234
106.60979461669922
91.98075103759766
113.61146545410156
87.4072494506836
97.5899887084961
92.50202941894531
102.73184204101562
94.39348602294922
50.30514144897461
77.26631927490234
52.70357131958008
126.22338104248047
118.60009765625
113.4814453125
131.92262268066406
123.85043334960938
122.90814971923828
105.01823425292969
113.64241027832031
105.22721862792969
51.67546463012695
77.81458282470703
57.38126754760742
115.5439224243164
110.08987426757812
113.75394439697266
121.489501953125
101.76201629638672
104.46672058105469
94.21247100830078
92.72929382324219
97.6051025390625
70.65888977050781
72.72697448730469
53.87517166137695
106.781494140625
116.07459259033203
104.48001098632812
105.4579086303711
102.98751068115234
98.67890167236328
101.62005615234375
113.25635528564453
101.58838653564453
67.97319030761719
81.48457336425781
71.314208984375
112.7679672241211
111.84918975830078
109.07176971435547
113.03370666503906
105.89030456542969
101.34294128417969
91.90962982177734
98.74396514892578
101.89250946044922
61.08564376831055
62.03376770019531
68.18213653564453
111.14380645751953
117.93632507324219
110.13162231445312
125.37499237060547
109.60638427734375
128.81520080566406
108.33732604980469
111.53055572509766
108.02360534667969
60.454769134521484
78.74581146240234
76.208251953125
76.01905059814453
81.5406494140625
86.88655853271484
89.16400146484375
95.4323959350586
104.88270568847656
89.20391082763672
85.16845703125
89.23916625976562
54.92118453979492
70.3454360961914
54.178165435791016
39.600830078125
46.01400375366211
59.78655242919922
71.3811264038086
110.2061538696289
98.55378723144531
100.79835510253906
105.8020248413086
107.32059478759766
77.04451751708984
90.26322174072266
61.56483840942383
133.36123657226562
140.345947265625
123.33729553222656
136.0972442626953
136.26678466796875
118.20921325683594
99.0804443359375
104.5517807006836
101.44391632080078
56.846439361572266
74.78660583496094
49.34268569946289
107.4915542602539
94.22563934326172
92.0907974243164
95.05721282958984
82.29341888427734
71.1251220703125
89.23958587646484
76.49371337890625
64.21845245361328
54.35837936401367
58.97311019897461
40.99262619018555
115.592529296875
99.75975799560547
106.13318634033203
104.08360290527344
87.43328857421875
82.07723236083984
75.001708984375
69.62488555908203
64.4455337524414
55.39255905151367
56.548641204833984
45.184017181396484
31.134634017944336
36.1162223815918
50.162471771240234
106.35132598876953
104.3152084350586
71.05281829833984
81.28546142578125
72.55288696289062
64.74492645263672
53.439308166503906
60.0601921081543
43.62940979003906
112.86627960205078
90.86418914794922
97.7251968383789
103.54220581054688
85.41924285888672
70.07748413085938
75.12944030761719
72.19931030273438
64.02863311767578
56.467857360839844
52.08710861206055
49.066104888916016
111.28881072998047
105.42606353759766
99.95590209960938
103.4351806640625
93.42513275146484
74.88465881347656
89.23515319824219
75.29421997070312
69.11351776123047
54.78556442260742
59.77566146850586
61.555389404296875
89.53878021240234
73.31591796875
82.4682846069336
80.95938873291016
99.06987762451172
104.14490509033203
82.08998107910156
77.6278305053711
62.69306564331055
47.43243408203125
37.401817321777344
69.71926879882812
55.06131362915039
81.37923431396484
80.1705322265625
113.83760070800781
85.62371826171875
77.89425659179688
70.7347640991211
55.73453903198242
47.484901428222656
53.735050201416016
39.1688117980957
132.12025451660156
121.0956802368164
99.66679382324219
105.28366088867188
103.34442138671875
77.2452163696289
69.70156860351562
61.30641174316406
55.182777404785156
40.8349494934082
50.4131965637207
39.484649658203125
123.94169616699219
94.35485076904297
109.76392364501953
99.42496490478516
82.83673095703125
85.31629943847656
80.83723449707031
59.9568977355957
64.33474731445312
54.66666030883789
60.90890884399414
48.31391906738281
30.145551681518555
35.10246658325195
34.73183059692383
36.28591537475586
25.762685775756836
26.280916213989258
41.13821029663086
69.18773651123047
61.641639709472656
48.82070541381836
59.488155364990234
54.7546272277832
94.49915313720703
81.12288665771484
101.8260269165039
117.25262451171875
106.83220672607422
79.57223510742188
71.58415222167969
65.21072387695312
65.6590347290039
44.577693939208984
55.23862838745117
45.839569091796875
110.83314514160156
101.25161743164062
98.0584945678711
105.08645629882812
93.9867935180664
81.32052612304688
132.35531616210938
128.31317138671875
82.88321685791016
54.426387786865234
65.43606567382812
31.360170364379883
18.61256980895996
12.121790885925293
6.915796756744385
16.681713104248047
13.645748138427734
7.046059608459473
10.287830352783203
9.435676574707031
3.810429096221924
8.89245319366455
5.703841686248779
5.188849449157715
78.84603881835938
30.876604080200195
50.43495178222656
13.53785514831543
19.541797637939453
9.41606330871582
9.386286735534668
-0.1894536018371582
4.819033622741699
3.602123260498047
1.539095163345337
3.4551193714141846
7.150411128997803
6.883060932159424
6.634148120880127
7.2732086181640625
3.23557186126709
0.9193127155303955
10.831095695495605
4.243806838989258
1.2355799674987793
10.058536529541016
7.0913262367248535
10.820755958557129
10.207612037658691
11.563130378723145
15.627370834350586
11.164739608764648
2.821636199951172
8.503764152526855
9.915050506591797
6.520362854003906
10.331489562988281
15.033530235290527
5.266884803771973
5.995211601257324
15.44800090789795
10.57405948638916
20.369516372680664
13.293712615966797
9.9879789352417
8.977293968200684
10.227253913879395
5.944222450256348
6.092751979827881
6.598702907562256
20.278120040893555
14.600665092468262
13.955504417419434
11.47216796875
14.246657371520996
9.402886390686035
4.207058429718018
8.682537078857422
5.250387668609619
6.020315170288086
6.566568851470947
13.371817588806152
6.898623943328857
10.481897354125977
7.1941938400268555
9.8681640625
9.304076194763184
15.442497253417969
5.004567623138428
14.801228523254395
5.890543460845947
3.509127378463745
105.40437316894531
92.39054107666016
90.35269927978516
100.32011413574219
103.91485595703125
91.03169250488281
54.95863342285156
46.529380798339844
41.8308219909668
37.02302551269531
37.93227767944336
43.82017517089844
120.6196517944336
106.4344253540039
94.91697692871094
100.65730285644531
93.28778839111328
78.994384765625
67.6846923828125
52.182552337646484
52.23597717285156
45.8853874206543
46.30541229248047
45.48114776611328
126.95819091796875
118.41268157958984
97.573974609375
94.69273376464844
88.39019775390625
70.23140716552734
81.32881164550781
66.98949432373047
56.19890594482422
45.47588348388672
52.265560150146484
44.65298843383789
129.38363647460938
113.76555633544922
113.32759857177734
106.0026626586914
94.86679077148438
80.77643585205078
68.08182525634766
64.51049041748047
63.83063507080078
47.326080322265625
57.72898483276367
44.28812789916992
121.68878173828125
110.61153411865234
104.57672119140625
115.86932373046875
97.71511840820312
81.47276306152344
74.81354522705078
63.51486587524414
59.8119010925293
44.50575637817383
56.343746185302734
47.811134338378906
133.31954956054688
123.80670166015625
114.973876953125
132.0361328125
105.63676452636719
80.32820129394531
72.7486572265625
69.46672821044922
65.00827026367188
46.584136962890625
52.33017349243164
47.84761047363281
112.39738464355469
106.64615631103516
107.0678482055664
106.44816589355469
108.2322998046875
71.5516357421875
91.36737060546875
89.39205932617188
79.0543212890625
56.88821029663086
75.31993865966797
55.774131774902344
81.48310089111328
74.82649993896484
94.86634063720703
116.61776733398438
137.83485412597656
92.94796752929688
81.40032958984375
75.89765167236328
60.710899353027344
47.60212326049805
54.745914459228516
42.37758255004883
72.35890197753906
61.29879379272461
76.6568832397461
81.45608520507812
108.03873443603516
77.6810073852539
84.51573181152344
71.8917007446289
60.239601135253906
54.28729248046875
66.3418960571289
39.82046890258789
136.511474609375
125.78137969970703
97.86137390136719
100.7717514038086
95.1373062133789
83.44420623779297
76.76303100585938
72.80067443847656
59.21304702758789
47.51563262939453
54.192413330078125
45.25748062133789
153.6514892578125
162.72830200195312
135.00526428222656
162.79986572265625
136.02828979492188
112.76495361328125
110.2430191040039
101.60174560546875
90.99376678466797
63.14895248413086
74.81519317626953
60.997314453125
165.1720428466797
146.09100341796875
145.22946166992188
139.61265563964844
140.33741760253906
125.47714233398438
114.14910125732422
100.49393463134766
91.50316619873047
71.40516662597656
86.1683120727539
73.08917236328125
158.19219970703125
157.95925903320312
133.44508361816406
138.0559539794922
122.08269500732422
118.80911254882812
115.08126068115234
102.7476577758789
84.62203216552734
64.3377456665039
69.7783432006836
54.93060302734375
138.42633056640625
143.50804138183594
133.4362335205078
164.34938049316406
129.27951049804688
87.32036590576172
131.740966796875
112.6485595703125
84.83512115478516
66.40160369873047
62.89021682739258
57.0885124206543
149.98741149902344
154.04611206054688
140.0484619140625
153.8591766357422
155.75567626953125
132.22767639160156
145.18594360351562
109.77703857421875
111.7623519897461
72.37150573730469
108.36627197265625
69.21511840820312
115.66910552978516
107.59705352783203
96.94324493408203
106.33082580566406
100.9232406616211
110.33744049072266
135.10789489746094
102.30030822753906
78.91915130615234
72.57098388671875
83.2358169555664
85.80535125732422
109.2674789428711
97.90547180175781
98.6346206665039
102.3790283203125
99.76055908203125
92.33262634277344
129.803955078125
117.56839752197266
93.6397705078125
74.89168548583984
84.90187072753906
66.14436340332031
165.01051330566406
164.76473999023438
144.12298583984375
160.8041534423828
146.9119873046875
97.58451843261719
127.18887329101562
109.2795181274414
86.4531021118164
65.68289947509766
79.15286254882812
58.14685821533203
166.25921630859375
149.2093505859375
148.7832794189453
140.15646362304688
141.6718292236328
129.7052459716797
129.0094757080078
135.42367553710938
96.29244232177734
100.96986389160156
78.9519271850586
64.99470520019531
152.46792602539062
144.96975708007812
128.82333374023438
125.00119018554688
114.1633071899414
109.2044677734375
106.89786529541016
108.41766357421875
85.2828140258789
74.53047943115234
70.25448608398438
61.79463577270508
142.45021057128906
127.13921356201172
127.27915954589844
117.06861114501953
116.38328552246094
103.791748046875
113.93487548828125
111.3550796508789
97.26775360107422
27.894893646240234
69.2355728149414
64.02989196777344
138.15408325195312
147.41336059570312
130.0304718017578
157.36331176757812
147.83473205566406
118.65248107910156
205.52145385742188
185.84359741210938
130.753662109375
111.61238098144531
139.23060607910156
99.14204406738281
127.36221313476562
135.5357208251953
138.83612060546875
163.02511596679688
161.4632568359375
118.37141418457031
89.00579833984375
89.11517333984375
84.08650970458984
74.65323638916016
77.9428482055664
58.472721099853516
122.6550064086914
116.9471664428711
130.21278381347656
138.24014282226562
145.477294921875
136.44790649414062
111.85122680664062
88.14698028564453
85.7607650756836
60.70884323120117
63.51167678833008
68.40873718261719
130.95619201660156
121.6428451538086
131.31430053710938
136.3732452392578
148.09890747070312
170.69895935058594
88.16510772705078
93.83879852294922
98.04088592529297
80.12313842773438
80.2676773071289
63.353580474853516
126.72482299804688
133.39015197753906
161.1453094482422
154.9252166748047
158.55709838867188
132.96481323242188
162.31988525390625
116.69078826904297
98.10340118408203
98.00442504882812
94.00941467285156
92.35693359375
128.89337158203125
142.78768920898438
150.89727783203125
152.1968231201172
158.87686157226562
128.31236267089844
151.75108337402344
136.71751403808594
113.75267791748047
89.03799438476562
104.70333099365234
103.07102966308594
148.87713623046875
144.3242950439453
156.19847106933594
156.7894744873047
165.2191162109375
159.5108184814453
92.67921447753906
94.46883392333984
94.83992004394531
80.20243072509766
73.89859771728516
65.01114654541016
132.22915649414062
124.38639068603516
115.31627655029297
145.18963623046875
139.6746063232422
128.70440673828125
149.65859985351562
113.9415283203125
103.23949432373047
56.65633773803711
89.89403533935547
64.07146453857422
151.04544067382812
155.3802032470703
125.40657806396484
153.18704223632812
135.48312377929688
126.6776123046875
101.90599060058594
93.40349578857422
79.15526580810547
60.80339431762695
70.02577209472656
55.36063766479492
131.53851318359375
128.04925537109375
121.51599884033203
136.12509155273438
124.17668914794922
90.30038452148438
124.51529693603516
103.43062591552734
82.94951629638672
67.15912628173828
69.89110565185547
53.16376876831055
154.95419311523438
150.49688720703125
133.840576171875
137.33738708496094
133.10675048828125
115.05398559570312
110.97254943847656
101.51331329345703
89.27413177490234
57.9383430480957
71.6996841430664
56.773128509521484
161.74014282226562
145.06101989746094
147.1903076171875
148.48036193847656
143.46536254882812
127.10897827148438
116.83952331542969
109.47208404541016
92.78900146484375
77.84162902832031
75.73379516601562
58.77714157104492
153.1593017578125
152.31683349609375
133.57041931152344
148.82521057128906
124.12439727783203
117.83932495117188
105.40357971191406
96.00585174560547
87.09870147705078
65.50897216796875
67.41393280029297
53.42861557006836
157.31182861328125
143.073486328125
137.02340698242188
130.02572631835938
124.57219696044922
116.43458557128906
132.655517578125
107.52373504638672
83.8246841430664
49.88425827026367
65.40604400634766
58.41116714477539
146.74960327148438
143.7152557373047
139.13870239257812
144.5069122314453
150.96688842773438
123.88362121582031
145.22689819335938
109.62765502929688
92.92101287841797
65.4442138671875
80.73152923583984
52.663326263427734
116.98988342285156
112.85431671142578
107.29045867919922
114.72528839111328
112.98847198486328
110.62491607666016
100.59245300292969
101.5302505493164
88.54708862304688
72.39012145996094
83.54143524169922
70.20097351074219
100.57841491699219
89.64270782470703
92.3117904663086
97.43263244628906
87.51396942138672
86.48285675048828
122.10639953613281
107.31881713867188
94.0665054321289
71.41181182861328
85.88114929199219
63.63191604614258
168.35647583007812
165.5716552734375
145.0713653564453
149.32916259765625
143.155517578125
113.47447967529297
110.59537506103516
101.0302734375
88.6127700805664
60.24723434448242
74.30524444580078
57.605987548828125
112.42847442626953
110.12700653076172
132.17845153808594
120.8551025390625
130.16493225097656
100.47637176513672
105.59597778320312
101.98657989501953
86.81372833251953
71.0239486694336
75.11705780029297
67.7314682006836
137.13307189941406
128.9532928466797
160.27548217773438
151.1982879638672
176.59378051757812
120.4254379272461
95.90477752685547
97.42598724365234
98.65355682373047
75.73788452148438
77.84577178955078
68.22315979003906
113.97647857666016
108.86852264404297
127.62242889404297
113.39022827148438
101.30831909179688
93.35811614990234
94.81484985351562
86.30988311767578
87.33515167236328
59.1131706237793
72.77764129638672
67.16199493408203
116.51859283447266
107.32544708251953
135.56297302246094
116.96087646484375
126.19634246826172
101.18761444091797
81.05966186523438
82.08248901367188
88.15772247314453
62.618839263916016
64.36672973632812
80.33407592773438
114.71484375
111.9672622680664
139.0795135498047
136.2774200439453
146.15122985839844
114.16433715820312
120.79537963867188
107.77176666259766
88.64423370361328
73.6131591796875
76.61701965332031
74.8633041381836
105.14411163330078
109.46089935302734
117.1694107055664
127.28282165527344
124.93314361572266
114.88798522949219
102.92292022705078
97.89585876464844
83.51738739013672
62.559566497802734
75.93499755859375
72.08320617675781
118.28771209716797
107.28040313720703
121.38561248779297
125.61112976074219
140.0540008544922
94.68109893798828
102.92692565917969
94.37382507324219
88.715087890625
66.37738037109375
83.52706146240234
69.85942077636719
128.03396606445312
138.83782958984375
147.35211181640625
155.0949249267578
155.83750915527344
103.71897888183594
86.87321472167969
85.54496002197266
85.28227996826172
57.81178283691406
65.38512420654297
73.15381622314453
117.26487731933594
111.05672454833984
144.00991821289062
137.46798706054688
155.8387451171875
112.0142822265625
80.04329681396484
74.7660140991211
88.46649932861328
65.99193572998047
65.4627685546875
78.00729370117188
96.08708190917969
107.2999267578125
121.12088775634766
144.10903930664062
132.48434448242188
96.66928100585938
84.85820007324219
88.98550415039062
87.57518768310547
59.691925048828125
61.731327056884766
64.50337219238281
81.27949523925781
87.8104019165039
102.9788589477539
121.70565032958984
112.42912292480469
109.3740234375
89.784912109375
89.2975082397461
96.6220932006836
62.96467971801758
65.29976654052734
70.33879089355469
96.2998046875
104.85193634033203
126.60872650146484
124.44679260253906
124.57246398925781
103.39175415039062
96.12849426269531
100.87690734863281
95.64557647705078
56.22834396362305
70.74662017822266
54.12827682495117
13.361492156982422
13.422697067260742
20.034868240356445
20.43622589111328
12.758172988891602
11.926261901855469
4.598731517791748
14.260688781738281
6.199089527130127
12.25586223602295
5.679488658905029
5.009103775024414
4.992011547088623
16.811298370361328
4.236544132232666
26.3759765625
20.65813636779785
11.839872360229492
5.581150054931641
10.578822135925293
4.968043804168701
12.046177864074707
15.500389099121094
1.9902942180633545
10.698223114013672
14.04145336151123
17.758668899536133
19.187801361083984
24.601272583007812
15.26089096069336
7.779959201812744
6.037005424499512
5.934161186218262
13.304797172546387
19.555339813232422
6.133199691772461
8.010712623596191
16.4056396484375
34.227928161621094
26.92044448852539
27.507564544677734
21.985830307006836
7.207101821899414
7.788182258605957
13.620633125305176
14.567008018493652
13.096404075622559
4.337052345275879
12.718595504760742
19.62920379638672
19.531455993652344
30.89156723022461
34.38226318359375
18.68540382385254
11.502245903015137
16.834476470947266
7.822830677032471
14.010462760925293
3.5478873252868652
8.399044036865234
18.90095329284668
18.668922424316406
24.585693359375
30.825984954833984
19.680988311767578
25.388565063476562
12.104436874389648
7.145841598510742
14.237580299377441
16.777633666992188
15.238102912902832
2.241150140762329
14.249425888061523
27.233051300048828
12.04321002960205
32.928321838378906
33.414546966552734
23.87055015563965
7.924536228179932
13.045097351074219
12.3626070022583
15.728798866271973
16.360647201538086
7.0304107666015625
111.2843246459961
104.57366180419922
122.8180160522461
139.66094970703125
137.15322875976562
100.14079284667969
84.43736267089844
96.57476043701172
79.79289245605469
54.39914321899414
62.032100677490234
61.49649429321289
97.74781036376953
92.01494598388672
103.35564422607422
123.30213928222656
110.78551483154297
84.8726806640625
102.26231384277344
99.68555450439453
87.86212158203125
70.3043212890625
72.38421630859375
62.79989242553711
105.24574279785156
103.6443862915039
119.28118133544922
108.27969360351562
105.78080749511719
90.60652923583984
88.84336853027344
82.36844635009766
83.2110595703125
56.043182373046875
65.05069732666016
71.3130874633789
109.26869201660156
100.22357940673828
134.74325561523438
119.93092346191406
133.44644165039062
102.0660400390625
90.04034423828125
90.643798828125
100.7425308227539
66.92523193359375
77.05660247802734
72.03740692138672
117.31656646728516
113.91547393798828
129.68824768066406
118.82693481445312
108.86176300048828
92.5548095703125
80.64769744873047
81.34046173095703
84.69000244140625
61.192142486572266
57.5650634765625
70.34698486328125
103.4913558959961
109.90209197998047
130.47059631347656
123.34305572509766
137.63742065429688
95.52098846435547
101.15758514404297
104.31342315673828
104.4255599975586
68.41344451904297
75.76567840576172
74.97013854980469
89.60930633544922
108.18059539794922
123.7379379272461
119.10531616210938
119.19508361816406
98.35238647460938
92.6695556640625
98.21198272705078
102.46424102783203
72.00054168701172
81.9150161743164
61.849082946777344
84.5750503540039
90.998779296875
106.64912414550781
95.81138610839844
111.52169036865234
104.19295501708984
94.45465087890625
91.06143951416016
81.10513305664062
58.84446334838867
79.0461654663086
72.45591735839844
79.14959716796875
73.3497314453125
89.55238342285156
107.859619140625
99.38481903076172
88.63481903076172
125.12973022460938
114.8775405883789
98.13422393798828
81.19962310791016
106.40082550048828
81.59991455078125
131.61578369140625
123.31769561767578
140.67910766601562
121.5994644165039
131.3478240966797
106.18771362304688
94.27879333496094
87.58429718017578
88.57371520996094
58.92800521850586
73.00788116455078
79.18087005615234