40.95921325683594
44.30424118041992
34.27379608154297
53.093345642089844
47.0478630065918
45.09101104736328
45.79408264160156
30.453824996948242
22.61984634399414
30.8889102935791
26.25094223022461
17.653783798217773
37.79865264892578
36.24042510986328
30.34586524963379
40.56708526611328
46.11332702636719
51.71352767944336
38.105499267578125
37.58359146118164
38.0953483581543
41.44267654418945
33.93671417236328
19.780136108398438
105.35855102539062
104.33573150634766
87.04586791992188
100.31443786621094
98.08085632324219
90.04952239990234
40.945640563964844
30.18518829345703
21.33745002746582
28.447429656982422
22.287254333496094
18.147510528564453
44.23073196411133
39.249908447265625
44.916229248046875
52.82801818847656
52.09419631958008
59.42024230957031
45.263545989990234
28.603750228881836
25.863313674926758
32.69110107421875
26.310117721557617
28.061185836791992
43.641441345214844
50.159385681152344
42.710960388183594
53.366416931152344
57.51905059814453
51.836944580078125
41.55036163330078
28.838809967041016
32.76458740234375
40.04888916015625
45.314483642578125
20.90422248840332
33.520263671875
38.67531204223633
42.8231086730957
56.18205261230469
50.12800598144531
58.45679473876953
59.91219711303711
45.23343276977539
29.01443099975586
47.3217887878418
31.183109283447266
46.87091827392578
28.892925262451172
35.1773681640625
32.123069763183594
45.0544548034668
38.25135040283203
40.28786849975586
78.39089965820312
63.31198501586914
45.06739807128906
51.83235549926758
48.97019577026367
29.313268661499023
49.5075569152832
51.7454948425293
38.49666976928711
56.589637756347656
52.10536193847656
48.1722526550293
46.972015380859375
35.87545394897461
24.167388916015625
27.020610809326172
27.77304458618164
20.865018844604492
52.559207916259766
51.084373474121094
46.51647186279297
53.55225372314453
64.59147644042969
47.143917083740234
55.136436462402344
41.73875045776367
35.034149169921875
34.17850112915039
33.28923034667969
16.822275161743164
108.9350357055664
113.55370330810547
89.59671783447266
105.88197326660156
96.20861053466797
108.9845199584961
32.38274383544922
34.11726379394531
30.285982131958008
38.1267204284668
29.273197174072266
11.707132339477539
41.27412033081055
34.365352630615234
38.89720916748047
52.35609817504883
38.678958892822266
46.5009765625
51.18024826049805
32.23623275756836
27.61967658996582
33.36616134643555
25.941144943237305
29.66122055053711
44.448890686035156
50.96078872680664
37.518287658691406
56.361061096191406
52.90028381347656
59.14609909057617
114.8446273803711
119.28366088867188
120.7254409790039
97.8952865600586
92.99846649169922
137.8937530517578
218.30665588378906
201.21221923828125
182.7529296875
246.92837524414062
203.85140991210938
232.5868682861328
152.90151977539062
146.1627655029297
115.43685150146484
117.6517333984375
134.6616668701172
89.13200378417969
153.76734924316406
203.74339294433594
215.0852813720703
248.31918334960938
225.56698608398438
212.789306640625
186.80929565429688
128.61199951171875
98.61585235595703
111.8532485961914
118.22233581542969
78.77803802490234
138.45645141601562
151.8389892578125
163.07130432128906
152.7052001953125
177.29278564453125
193.3240203857422
157.4455108642578
125.63240814208984
104.38531494140625
114.0842514038086
99.2212142944336
82.92913055419922
148.74102783203125
157.94932556152344
181.93423461914062
186.9673309326172
186.1702880859375
208.57015991210938
210.0633087158203
184.84451293945312
135.25830078125
130.20330810546875
141.33547973632812
105.92317962646484
130.13217163085938
146.62957763671875
160.60430908203125
145.88209533691406
170.79725646972656
163.27809143066406
169.5503387451172
190.539794921875
187.99728393554688
179.8467254638672
166.70205688476562
122.78138732910156
140.43905639648438
144.00807189941406
158.9052734375
147.21449279785156
172.75595092773438
178.7132568359375
170.92898559570312
162.28469848632812
133.78292846679688
139.8273162841797
138.81190490722656
130.49063110351562
122.51383972167969
110.98871612548828
107.70426177978516
125.85905456542969
121.74065399169922
125.86626434326172
165.49447631835938
123.55482482910156
127.82782745361328
109.17120361328125
119.67730712890625
63.61238479614258
22.6481876373291
34.70515060424805
36.02017593383789
44.557090759277344
35.653594970703125
41.478050231933594
33.10300064086914
19.2179012298584
16.147348403930664
22.07076644897461
25.56739616394043
16.399063110351562
27.675474166870117
33.89340591430664
32.22804260253906
50.45467758178711
41.147605895996094
41.43635940551758
28.72735023498535
18.132436752319336
17.259788513183594
24.919309616088867
31.804590225219727
24.412195205688477
38.20039367675781
42.95878601074219
36.540771484375
48.28192138671875
44.136322021484375
46.240840911865234
20.23673439025879
9.96901798248291
5.806606769561768
21.255786895751953
30.59785270690918
21.391883850097656
58.736961364746094
50.67632293701172
41.29237747192383
47.531402587890625
60.98944854736328
39.81123733520508
44.80806350708008
25.215452194213867
23.186315536499023
30.297748565673828
29.140657424926758
18.927505493164062
31.47859764099121
45.68113708496094
39.34112548828125
56.18320083618164
50.90143585205078
37.142154693603516
39.27941131591797
30.902315139770508
23.963640213012695
27.455673217773438
23.72881507873535
20.96053695678711
62.61471939086914
54.96967315673828
53.08076477050781
63.87897491455078
64.57978057861328
60.049564361572266
50.20336151123047
31.799015045166016
33.363800048828125
26.837669372558594
29.81075096130371
19.15137481689453
30.474884033203125
40.883201599121094
30.269018173217773
40.112464904785156
40.22209167480469
44.87047576904297
61.301605224609375
51.08881759643555
50.47203063964844
47.079593658447266
43.87668991088867
26.692859649658203
49.61125183105469
54.21581268310547
54.24202346801758
69.94170379638672
69.88526916503906
59.70491409301758
62.43431091308594
56.21030807495117
34.24725341796875
39.005523681640625
41.81662368774414
31.522016525268555
22.777816772460938
45.91280746459961
25.265485763549805
53.5470085144043
49.59526062011719
46.111087799072266
74.25736999511719
61.567684173583984
50.16334915161133
50.14535903930664
51.52715301513672
33.698726654052734
57.77815628051758
57.77339553833008
46.781307220458984
61.0374870300293
56.33265686035156
48.41448211669922
46.359798431396484
35.36085891723633
20.54237937927246
30.039630889892578
25.919944763183594
12.217873573303223
112.31709289550781
113.94824981689453
100.83277130126953
108.93716430664062
123.67115783691406
117.34957885742188
109.45504760742188
119.13719940185547
108.8676528930664
80.05848693847656
88.2214584350586
70.27603912353516
146.23927307128906
146.87539672851562
138.8760986328125
156.05787658691406
157.42929077148438
155.4327850341797
94.17121124267578
101.12027740478516
104.06596374511719
83.79047393798828
74.4953384399414
59.939640045166016
110.34147644042969
113.24993133544922
103.7410888671875
120.06695556640625
114.11468505859375
95.8790054321289
93.00802612304688
100.07508087158203
101.60497283935547
75.9508056640625
77.3757095336914
62.98896408081055
111.01952362060547
108.11456298828125
105.86231994628906
116.09489440917969
115.6678466796875
101.93006896972656
96.36154174804688
98.32646942138672
99.68201446533203
69.64120483398438
73.99153900146484
72.393310546875
104.35791015625
112.14630889892578
104.5010986328125
134.86776733398438
127.06493377685547
104.8185043334961
105.73042297363281
107.4554672241211
109.42574310302734
73.19540405273438
86.71106719970703
89.33867645263672
103.21946716308594
109.26634979248047
91.00469207763672
102.21063232421875
115.86796569824219
103.79487609863281
94.76817321777344
85.15203094482422
90.91832733154297
71.43449401855469
73.87649536132812
47.302425384521484
88.86909484863281
83.9269027709961
89.17969512939453
112.95565795898438
100.7452163696289
90.88079071044922
99.54580688476562
107.4012222290039
95.67093658447266
67.624755859375
78.4520034790039
52.94535446166992
130.2095184326172
128.96380615234375
111.7829360961914
134.54605102539062
132.0003662109375
119.66863250732422
97.93667602539062
106.0720443725586
102.91397857666016
74.6050033569336
80.87648010253906
53.14472579956055
120.83871459960938
118.95909881591797
121.20585632324219
128.7103729248047
134.91339111328125
103.7007827758789
95.2940673828125
92.85763549804688
95.47319793701172
74.6779556274414
69.29277801513672
60.24008560180664
105.7164306640625
113.99503326416016
105.01339721679688
110.68816375732422
111.3328628540039
105.56795501708984
79.74436950683594
95.6910171508789
98.9903793334961
69.64169311523438
61.71189498901367
58.89171600341797
86.05325317382812
82.9712142944336
98.18806457519531
89.01412963867188
97.8105697631836
82.38887786865234
79.0
85.43187713623047
94.60484313964844
75.52297973632812
60.21733856201172
72.42967987060547
110.51848602294922
109.30432891845703
105.82520294189453
130.4841766357422
132.0253143310547
112.20834350585938
66.1485824584961
86.17899322509766
93.95516204833984
55.485740661621094
51.97971725463867
43.12059020996094
3.9196507930755615
10.427549362182617
12.204019546508789
21.62640380859375
21.21076202392578
8.487590789794922
6.921252727508545
12.737610816955566
2.431135892868042
10.29391098022461
4.6406941413879395
10.995080947875977
14.151333808898926
17.3583984375
-2.890199661254883
20.13850975036621
21.84046173095703
5.826851844787598
7.167745113372803
13.47365665435791
3.601829767227173
11.97684097290039
7.00056266784668
6.541415214538574
13.390780448913574
18.785961151123047
8.103196144104004
21.442216873168945
21.052589416503906
19.54249382019043
5.518254280090332
15.579078674316406
4.872291564941406
9.763069152832031
13.315657615661621
12.091157913208008
20.158523559570312
21.476037979125977
12.44188404083252
32.757408142089844
27.161300659179688
21.784217834472656
12.223941802978516
12.635015487670898
6.758337497711182
13.709209442138672
11.970855712890625
8.00403881072998
19.429880142211914
16.706323623657227
16.21561622619629
25.647872924804688
26.470136642456055
26.5415096282959
11.67835807800293
12.396079063415527
12.492469787597656
12.90835952758789
11.447551727294922
9.95153522491455
13.958603858947754
14.98262882232666
9.712560653686523
25.68174934387207
24.949630737304688
19.130460739135742
15.568635940551758
13.886883735656738
10.584654808044434
14.245914459228516
13.009502410888672
14.780921936035156
20.20457649230957
30.39389419555664
19.164674758911133
31.471088409423828
38.73723602294922
18.1882381439209
1.9119353294372559
18.997102737426758
7.035407066345215
23.531967163085938
16.33838653564453
6.218822479248047
103.91581726074219
106.24414825439453
87.52993774414062
109.14781188964844
111.00224304199219
120.03263092041016
87.97343444824219
84.45023345947266
90.0141830444336
75.1286849975586
70.10346221923828
53.20707702636719
106.49678802490234
106.60979461669922
91.98075103759766
115.0379409790039
114.81871795654297
97.5899887084961
92.50202941894531
102.73184204101562
94.39348602294922
68.26094818115234
77.25626373291016
52.70357131958008
126.22338104248047
118.60009765625
113.4814453125
126.62338256835938
139.21859741210938
122.90814971923828
105.01823425292969
113.64241027832031
105.22721862792969
74.59748840332031
72.95369720458984
57.38126754760742
115.5439224243164
110.08987426757812
113.75394439697266
131.2744903564453
121.8970718383789
104.46672058105469
94.21247100830078
92.72929382324219
97.6051025390625
69.98182678222656
72.10282897949219
53.87517166137695
106.781494140625
116.07459259033203
104.48001098632812
116.02938842773438
114.28730773925781
98.67890167236328
101.62005615234375
113.25635528564453
101.58838653564453
78.49979400634766
80.48554992675781
71.314208984375
112.7679672241211
111.84918975830078
109.07176971435547
115.14224243164062
116.85492706298828
101.34294128417969
91.90962982177734
98.74396514892578
101.89250946044922
69.01087188720703
68.26668548583984
68.18213653564453
111.14380645751953
117.93632507324219
110.13162231445312
118.8653564453125
132.76095581054688
128.81520080566406
108.33732604980469
111.53055572509766
108.02360534667969
70.142578125
88.27208709716797
76.208251953125
76.01905059814453
81.5406494140625
86.88655853271484
94.08404541015625
101.92948913574219
104.88270568847656
89.20391082763672
85.16845703125
89.23916625976562
72.06729888916016
75.02286529541016
54.178165435791016
39.600830078125
46.01400375366211
59.78655242919922
96.21391296386719
71.40975189208984
98.55378723144531
100.79835510253906
105.8020248413086
107.32059478759766
95.98872375488281
91.09319305419922
61.56483840942383
133.36123657226562
140.345947265625
123.33729553222656
139.68711853027344
143.3473358154297
118.20921325683594
99.0804443359375
104.5517807006836
101.44391632080078
71.8175277709961
78.5262451171875
49.34268569946289
107.4915542602539
94.22563934326172
92.0907974243164
104.92265319824219
87.96375274658203
71.1251220703125
89.23958587646484
76.49371337890625
64.21845245361328
59.59056091308594
63.263755798339844
40.99262619018555
115.592529296875
99.75975799560547
106.13318634033203
104.80134582519531
94.09420776367188
82.07723236083984
75.001708984375
69.62488555908203
64.4455337524414
62.241695404052734
50.325443267822266
45.184017181396484
31.134634017944336
36.1162223815918
50.162471771240234
86.08379364013672
69.49349212646484
71.05281829833984
81.28546142578125
72.55288696289062
64.74492645263672
54.9022331237793
66.23583221435547
43.62940979003906
112.86627960205078
90.86418914794922
97.7251968383789
109.3170166015625
101.77708435058594
70.07748413085938
75.12944030761719
72.19931030273438
64.02863311767578
58.03757858276367
61.507659912109375
49.066104888916016
111.28881072998047
105.42606353759766
99.95590209960938
110.68829345703125
99.55261993408203
74.88465881347656
89.23515319824219
75.29421997070312
69.11351776123047
60.77702331542969
64.03610229492188
61.555389404296875
89.53878021240234
73.31591796875
82.4682846069336
84.0751953125
101.43330383300781
104.14490509033203
82.08998107910156
77.6278305053711
62.69306564331055
60.46151351928711
37.401817321777344
69.71926879882812
55.06131362915039
81.37923431396484
70.67221069335938
87.9698257446289
85.62371826171875
77.89425659179688
70.7347640991211
55.73453903198242
60.98466491699219
63.01239776611328
39.1688117980957
132.12025451660156
121.0956802368164
99.66679382324219
113.10750579833984
102.79762268066406
77.2452163696289
69.70156860351562
61.30641174316406
55.182777404785156
52.02787399291992
54.91442108154297
39.484649658203125
123.94169616699219
94.35485076904297
109.76392364501953
95.0490493774414
96.71590423583984
85.31629943847656
80.83723449707031
59.9568977355957
64.33474731445312
59.5360221862793
55.199562072753906
48.31391906738281
30.145551681518555
35.10246658325195
34.73183059692383
62.893463134765625
48.37689971923828
26.280916213989258
41.13821029663086
69.18773651123047
61.641639709472656
52.35271453857422
61.02425765991211
54.7546272277832
94.49915313720703
81.12288665771484
101.8260269165039
124.857177734375
106.37086486816406
79.57223510742188
71.58415222167969
65.21072387695312
65.6590347290039
55.52557373046875
56.121429443359375
45.839569091796875
110.83314514160156
101.25161743164062
98.0584945678711
106.6707763671875
98.6014175415039
81.32052612304688
132.35531616210938
128.31317138671875
82.88321685791016
71.9450454711914
79.68280792236328
31.360170364379883
18.61256980895996
12.121790885925293
6.915796756744385
17.620336532592773
11.031404495239258
7.046059608459473
10.287830352783203
9.435676574707031
3.810429096221924
5.301494121551514
0.02537858486175537
5.188849449157715
78.84603881835938
30.876604080200195
69.60723114013672
93.41045379638672
19.541797637939453
9.41606330871582
9.386286735534668
-0.1894536018371582
4.1334333419799805
2.622195243835449
1.539095163345337
3.4551193714141846
7.150411128997803
6.883060932159424
6.634148120880127
7.2732086181640625
3.23557186126709
3.372251272201538
9.044747352600098
4.243806838989258
1.2355799674987793
10.058536529541016
7.0913262367248535
4.573272228240967
9.156462669372559
11.563130378723145
15.627370834350586
11.164739608764648
2.821636199951172
3.1415557861328125
2.361332893371582
6.520362854003906
10.331489562988281
15.033530235290527
5.266884803771973
1.6094114780426025
14.037403106689453
10.57405948638916
20.369516372680664
13.293712615966797
9.9879789352417
5.677038192749023
7.140529632568359
5.944222450256348
6.092751979827881
6.598702907562256
20.278120040893555
16.572193145751953
11.777259826660156
11.47216796875
14.246657371520996
9.402886390686035
4.207058429718018
12.004671096801758
1.4827803373336792
6.020315170288086
6.566568851470947
13.371817588806152
6.898623943328857
10.924660682678223
3.924376964569092
9.8681640625
9.304076194763184
15.442497253417969
5.004567623138428
12.660341262817383
4.126486778259277
3.509127378463745
105.40437316894531
92.39054107666016
90.35269927978516
102.95928955078125
104.77447509765625
91.03169250488281
54.95863342285156
46.529380798339844
41.8308219909668
48.58302307128906
47.754032135009766
43.82017517089844
120.6196517944336
106.4344253540039
94.91697692871094
104.4996566772461
99.84984588623047
78.994384765625
67.6846923828125
52.182552337646484
52.23597717285156
53.97867965698242
54.46112823486328
45.48114776611328
126.95819091796875
118.41268157958984
97.573974609375
109.78707885742188
95.98075866699219
70.23140716552734
81.32881164550781
66.98949432373047
56.19890594482422
54.10593032836914
53.81093978881836
44.65298843383789
129.38363647460938
113.76555633544922
113.32759857177734
113.03814697265625
99.12433624267578
80.77643585205078
68.08182525634766
64.51049041748047
63.83063507080078
58.26131820678711
54.3343505859375
44.28812789916992
121.68878173828125
110.61153411865234
104.57672119140625
109.39642333984375
102.77313995361328
81.47276306152344
74.81354522705078
63.51486587524414
59.8119010925293
51.78719711303711
56.26049041748047
47.811134338378906
133.31954956054688
123.80670166015625
114.973876953125
123.02626037597656
109.93130493164062
80.32820129394531
72.7486572265625
69.46672821044922
65.00827026367188
59.1090087890625
55.694183349609375
47.84761047363281
112.39738464355469
106.64615631103516
107.0678482055664
113.84357452392578
98.2720718383789
71.5516357421875
91.36737060546875
89.39205932617188
79.0543212890625
68.63230895996094
64.11864471435547
55.774131774902344
81.48310089111328
74.82649993896484
94.86634063720703
111.40032958984375
110.76708221435547
92.94796752929688
81.40032958984375
75.89765167236328
60.710899353027344
58.994991302490234
58.73487091064453
42.37758255004883
72.35890197753906
61.29879379272461
76.6568832397461
85.52559661865234
89.1609115600586
77.6810073852539
84.51573181152344
71.8917007446289
60.239601135253906
62.5679931640625
62.66319274902344
39.82046890258789
136.511474609375
125.78137969970703
97.86137390136719
109.63429260253906
98.22066497802734
83.44420623779297
76.76303100585938
72.80067443847656
59.21304702758789
52.24901580810547
57.044063568115234
45.25748062133789
153.6514892578125
162.72830200195312
135.00526428222656
148.91836547851562
146.80337524414062
112.76495361328125
110.2430191040039
101.60174560546875
90.99376678466797
79.4224624633789
78.5105209350586
60.997314453125
165.1720428466797
146.09100341796875
145.22946166992188
151.29428100585938
141.5392608642578
125.47714233398438
114.14910125732422
100.49393463134766
91.50316619873047
87.03382873535156
79.0048599243164
73.08917236328125
158.19219970703125
157.95925903320312
133.44508361816406
142.70115661621094
139.34194946289062
118.80911254882812
115.08126068115234
102.7476577758789
84.62203216552734
79.64012908935547
71.66211700439453
54.93060302734375
138.42633056640625
143.50804138183594
133.4362335205078
151.7901153564453
123.44776153564453
87.32036590576172
131.740966796875
112.6485595703125
84.83512115478516
75.67230224609375
71.8281478881836
57.0885124206543
149.98741149902344
154.04611206054688
140.0484619140625
160.6227569580078
158.15858459472656
132.22767639160156
145.18594360351562
109.77703857421875
111.7623519897461
106.91636657714844
100.47281646728516
69.21511840820312
115.66910552978516
107.59705352783203
96.94324493408203
117.25102996826172
111.5119400024414
110.33744049072266
135.10789489746094
102.30030822753906
78.91915130615234
91.8240737915039
82.58880615234375
85.80535125732422
109.2674789428711
97.90547180175781
98.6346206665039
110.1453857421875
112.30223846435547
92.33262634277344
129.803955078125
117.56839752197266
93.6397705078125
94.00328063964844
88.59712982177734
66.14436340332031
165.01051330566406
164.76473999023438
144.12298583984375
149.9365997314453
147.18252563476562
97.58451843261719
127.18887329101562
109.2795181274414
86.4531021118164
81.2133560180664
79.99686431884766
58.14685821533203
166.25921630859375
149.2093505859375
148.7832794189453
151.55093383789062
144.06361389160156
129.7052459716797
129.0094757080078
135.42367553710938
96.29244232177734
88.77654266357422
73.26783752441406
64.99470520019531
152.46792602539062
144.96975708007812
128.82333374023438
136.769287109375
127.89013671875
109.2044677734375
106.89786529541016
108.41766357421875
85.2828140258789
79.18146514892578
76.75996398925781
61.79463577270508
142.45021057128906
127.13921356201172
127.27915954589844
134.4588623046875
117.23165130615234
103.791748046875
113.93487548828125
111.3550796508789
97.26775360107422
82.8198471069336
69.43917083740234
64.02989196777344
138.15408325195312
147.41336059570312
130.0304718017578
159.5470428466797
143.8705291748047
118.65248107910156
205.52145385742188
185.84359741210938
130.753662109375
149.94351196289062
119.18353271484375
99.14204406738281
127.36221313476562
135.5357208251953
138.83612060546875
149.6116943359375
171.58644104003906
118.37141418457031
89.00579833984375
89.11517333984375
84.08650970458984
96.19129180908203
87.75904846191406
58.472721099853516
122.6550064086914
116.9471664428711
130.21278381347656
142.55592346191406
156.4421844482422
136.44790649414062
111.85122680664062
88.14698028564453
85.7607650756836
95.90779876708984
83.30464935302734
68.40873718261719
130.95619201660156
121.6428451538086
131.31430053710938
143.82957458496094
157.786865234375
170.69895935058594
88.16510772705078
93.83879852294922
98.04088592529297
98.94974517822266
84.55938720703125
63.353580474853516
126.72482299804688
133.39015197753906
161.1453094482422
160.36793518066406
163.16445922851562
132.96481323242188
162.31988525390625
116.69078826904297
98.10340118408203
107.596923828125
107.86259460449219
92.35693359375
128.89337158203125
142.78768920898438
150.89727783203125
162.10061645507812
165.8831024169922
128.31236267089844
151.75108337402344
136.71751403808594
113.75267791748047
125.60045623779297
113.12939453125
103.07102966308594
148.87713623046875
144.3242950439453
156.19847106933594
160.9452667236328
173.59967041015625
159.5108184814453
92.67921447753906
94.46883392333984
94.83992004394531
96.04937744140625
84.64305877685547
65.01114654541016
132.22915649414062
124.38639068603516
115.31627655029297
149.50621032714844
143.44703674316406
128.70440673828125
149.65859985351562
113.9415283203125
103.23949432373047
92.30321502685547
89.98970794677734
64.07146453857422
151.04544067382812
155.3802032470703
125.40657806396484
149.0425262451172
141.61917114257812
126.6776123046875
101.90599060058594
93.40349578857422
79.15526580810547
80.72333526611328
71.58325958251953
55.36063766479492
131.53851318359375
128.04925537109375
121.51599884033203
138.93649291992188
120.76847076416016
90.30038452148438
124.51529693603516
103.43062591552734
82.94951629638672
74.03688049316406
79.52274322509766
53.16376876831055
154.95419311523438
150.49688720703125
133.840576171875
144.5894317626953
144.541015625
115.05398559570312
110.97254943847656
101.51331329345703
89.27413177490234
78.56696319580078
75.79296112060547
56.773128509521484
161.74014282226562
145.06101989746094
147.1903076171875
153.01722717285156
146.88462829589844
127.10897827148438
116.83952331542969
109.47208404541016
92.78900146484375
88.57200622558594
72.65848541259766
58.77714157104492
153.1593017578125
152.31683349609375
133.57041931152344
143.0846710205078
138.4678955078125
117.83932495117188
105.40357971191406
96.00585174560547
87.09870147705078
75.31383514404297
72.93401336669922
53.42861557006836
157.31182861328125
143.073486328125
137.02340698242188
142.85731506347656
133.62191772460938
116.43458557128906
132.655517578125
107.52373504638672
83.8246841430664
71.32608795166016
71.72843170166016
58.41116714477539
146.74960327148438
143.7152557373047
139.13870239257812
151.02154541015625
148.52420043945312
123.88362121582031
145.22689819335938
109.62765502929688
92.92101287841797
81.3205337524414
86.47704315185547
52.663326263427734
116.98988342285156
112.85431671142578
107.29045867919922
125.59522247314453
103.22589111328125
110.62491607666016
100.59245300292969
101.5302505493164
88.54708862304688
89.6811752319336
88.56069946289062
70.20097351074219
100.57841491699219
89.64270782470703
92.3117904663086
106.79933166503906
102.59387969970703
86.48285675048828
122.10639953613281
107.31881713867188
94.0665054321289
98.3738021850586
86.7348403930664
63.63191604614258
168.35647583007812
165.5716552734375
145.0713653564453
147.50730895996094
159.65110778808594
113.47447967529297
110.59537506103516
101.0302734375
88.6127700805664
76.83695220947266
73.62015533447266
57.605987548828125
112.42847442626953
110.12700653076172
132.17845153808594
125.04228210449219
116.35326385498047
100.47637176513672
105.59597778320312
101.98657989501953
86.81372833251953
78.37808227539062
81.39354705810547
67.7314682006836
137.13307189941406
128.9532928466797
160.27548217773438
153.9447784423828
139.12677001953125
120.4254379272461
95.90477752685547
97.42598724365234
98.65355682373047
87.30708312988281
76.10582733154297
68.22315979003906
113.97647857666016
108.86852264404297
127.62242889404297
121.14739227294922
112.98776245117188
93.35811614990234
94.81484985351562
86.30988311767578
87.33515167236328
70.08843994140625
72.88001251220703
67.16199493408203
116.51859283447266
107.32544708251953
135.56297302246094
121.88301849365234
118.3083267211914
101.18761444091797
81.05966186523438
82.08248901367188
88.15772247314453
76.30950927734375
68.04058074951172
80.33407592773438
114.71484375
111.9672622680664
139.0795135498047
136.55445861816406
131.16476440429688
114.16433715820312
120.79537963867188
107.77176666259766
88.64423370361328
77.43623352050781
88.97599029541016
74.8633041381836
105.14411163330078
109.46089935302734
117.1694107055664
120.2509536743164
114.7394790649414
114.88798522949219
102.92292022705078
97.89585876464844
83.51738739013672
76.84488677978516
83.88868713378906
72.08320617675781
118.28771209716797
107.28040313720703
121.38561248779297
122.40702819824219
125.30225372314453
94.68109893798828
102.92692565917969
94.37382507324219
88.715087890625
84.4898910522461
86.64115142822266
69.85942077636719
128.03396606445312
138.83782958984375
147.35211181640625
140.98452758789062
133.98146057128906
103.71897888183594
86.87321472167969
85.54496002197266
85.28227996826172
81.10528564453125
69.72547912597656
73.15381622314453
117.26487731933594
111.05672454833984
144.00991821289062
138.12203979492188
122.6216049194336
112.0142822265625
80.04329681396484
74.7660140991211
88.46649932861328
76.85494995117188
65.42346954345703
78.00729370117188
96.08708190917969
107.2999267578125
121.12088775634766
120.96321105957031
108.14488983154297
96.66928100585938
84.85820007324219
88.98550415039062
87.57518768310547
71.530517578125
69.60086059570312
64.50337219238281
81.27949523925781
87.8104019165039
102.9788589477539
123.16752624511719
104.32888793945312
109.3740234375
89.784912109375
89.2975082397461
96.6220932006836
78.85676574707031
71.02572631835938
70.33879089355469
96.2998046875
104.85193634033203
126.60872650146484
129.00135803222656
117.51265716552734
103.39175415039062
96.12849426269531
100.87690734863281
95.64557647705078
69.94422149658203
73.5142593383789
54.12827682495117
13.361492156982422
13.422697067260742
20.034868240356445
20.27667236328125
25.2667179107666
11.926261901855469
4.598731517791748
14.260688781738281
6.199089527130127
10.108202934265137
6.876637935638428
5.009103775024414
4.992011547088623
16.811298370361328
4.236544132232666
24.16284942626953
20.838233947753906
11.839872360229492
5.581150054931641
10.578822135925293
4.968043804168701
7.193195819854736
12.103143692016602
1.9902942180633545
10.698223114013672
14.04145336151123
17.758668899536133
23.03709602355957
22.30857276916504
15.26089096069336
7.779959201812744
6.037005424499512
5.934161186218262
13.6214599609375
16.57672119140625
6.133199691772461
8.010712623596191
16.4056396484375
34.227928161621094
26.950763702392578
20.913537979125977
21.985830307006836
7.207101821899414
7.788182258605957
13.620633125305176
11.778341293334961
11.237405776977539
4.337052345275879
12.718595504760742
19.62920379638672
19.531455993652344
29.46596908569336
24.933895111083984
18.68540382385254
11.502245903015137
16.834476470947266
7.822830677032471
13.81051254272461
11.6946382522583
8.399044036865234
18.90095329284668
18.668922424316406
24.585693359375
34.855892181396484
19.32267951965332
25.388565063476562
12.104436874389648
7.145841598510742
14.237580299377441
19.053081512451172
11.1622896194458
2.241150140762329
14.249425888061523
27.233051300048828
12.04321002960205
40.777366638183594
28.259294509887695
23.87055015563965
7.924536228179932
13.045097351074219
12.3626070022583
19.78484535217285
17.68917465209961
7.0304107666015625
111.2843246459961
104.57366180419922
122.8180160522461
126.41646575927734
128.04136657714844
100.14079284667969
84.43736267089844
96.57476043701172
79.79289245605469
69.97412109375
70.85511016845703
61.49649429321289
97.74781036376953
92.01494598388672
103.35564422607422
114.61366271972656
110.89801788330078
84.8726806640625
102.26231384277344
99.68555450439453
87.86212158203125
79.04902648925781
83.22367858886719
62.79989242553711
105.24574279785156
103.6443862915039
119.28118133544922
123.73245239257812
101.5203628540039
90.60652923583984
88.84336853027344
82.36844635009766
83.2110595703125
74.45761108398438
67.35932159423828
71.3130874633789
109.26869201660156
100.22357940673828
134.74325561523438
129.9645233154297
115.75133514404297
102.0660400390625
90.04034423828125
90.643798828125
100.7425308227539
89.50968933105469
72.67862701416016
72.03740692138672
117.31656646728516
113.91547393798828
129.68824768066406
122.55320739746094
117.56086730957031
92.5548095703125
80.64769744873047
81.34046173095703
84.69000244140625
78.12920379638672
66.38184356689453
70.34698486328125
103.4913558959961
109.90209197998047
130.47059631347656
125.64488220214844
113.11405181884766
95.52098846435547
101.15758514404297
104.31342315673828
104.4255599975586
88.3340072631836
79.95454406738281
74.97013854980469
89.60930633544922
108.18059539794922
123.7379379272461
129.22508239746094
114.84933471679688
98.35238647460938
92.6695556640625
98.21198272705078
102.46424102783203
85.05598449707031
78.73812866210938
61.849082946777344
84.5750503540039
90.998779296875
106.64912414550781
108.3665771484375
110.30741882324219
104.19295501708984
94.45465087890625
91.06143951416016
81.10513305664062
80.05072021484375
74.942626953125
72.45591735839844
79.14959716796875
73.3497314453125
89.55238342285156
100.87797546386719
101.26837158203125
88.63481903076172
125.12973022460938
114.8775405883789
98.13422393798828
102.48664855957031
94.092041015625
81.59991455078125
131.61578369140625
123.31769561767578
140.67910766601562
135.78233337402344
122.5525131225586
106.18771362304688
94.27879333496094
87.58429718017578
88.57371520996094
76.23475646972656
75.71815490722656
79.18087005615234