70.2019
67.099
64.6085
60.5533
55.5793
53.4087
52.9419
46.9405
44.7424
42.9683
36.3005
34.9743
66.9511
63.5819
61.4031
57.02
51.7856
49.7409
51.0301
44.8365
42.7015
41.4845
34.5133
33.1242
84.1401
82.3238
78.5181
75.7242
71.6747
68.2832
51.2976
45.5968
42.4829
41.2022
34.2979
32.2539
67.0337
63.5841
61.6466
56.9557
52.1001
50.0781
48.9936
42.6811
40.6361
39.582
32.3465
31.1441
68.8291
65.7394
63.6097
59.3018
54.5903
52.2837
49.8758
44.035
42.3531
41.2668
34.3798
32.8885
68.1502
65.5322
63.6054
59.393
54.7295
52.2725
52.0134
46.2916
44.3547
43.7734
37.2286
35.4692
66.258
63.2712
61.5612
58.104
53.5769
52.1907
59.3455
54.3746
52.1642
50.7963
44.8901
42.7491
70.9404
67.904
65.3443
61.3857
56.472
54.22
50.6197
44.4669
42.5298
40.9252
34.1207
33.0313
69.4946
66.3417
63.9
59.7532
54.6976
52.3439
52.5775
46.9746
45.0861
43.8641
37.5519
36.3509
83.0029
82.3883
79.7944
77.8468
75.7904
73.3967
53.6584
48.714
46.0369
44.6425
38.6262
36.895
66.7453
63.7098
62.0648
57.7223
53.4137
51.7704
50.2961
44.0647
41.8658
40.6621
33.4906
32.1558
69.3467
66.2985
64.1185
59.8556
55.1852
52.8157
70.3977
66.0131
62.1478
59.6967
54.147
50.806
100.748
101.961
97.7076
97.8701
97.6631
92.7465
74.2989
71.698
68.755
67.3207
64.0055
61.1524
84.5208
83.8768
81.1516
81.2189
79.6064
77.0818
65.0294
61.7609
60.1816
58.9313
54.9077
52.9766
80.2174
79.111
76.6173
75.1168
72.495
70.1643
58.3301
54.0935
52.485
50.7996
46.2523
45.1229
79.2573
78.1063
75.6967
74.1029
71.4343
68.7616
87.7356
86.1476
81.8909
79.1356
76.8426
73.3021
78.5154
77.349
75.1552
73.3894
70.4497
68.8409
86.461
84.9263
80.208
77.4288
74.9839
71.0657
78.9685
77.4123
75.5426
73.1807
71.2096
68.6645
76.579
73.9234
70.3987
68.2866
64.8044
62.0341
81.9448
79.9583
76.5987
73.5073
69.9166
66.0633
81.9547
79.9702
76.2963
73.7951
70.9715
67.8229
66.1097
63.3531
61.6613
57.2921
52.497
50.2726
48.9262
43.0095
41.4212
41.0763
34.3647
32.8987
66.258
63.2712
61.5612
58.104
53.5769
52.1907
50.6137
45.0562
43.8296
43.0644
36.6355
35.3247
68.7392
65.5167
63.1827
59.0142
53.9446
51.9496
46.1276
39.6992
38.2826
37.0176
29.9692
29.3493
72.3313
69.4251
66.6948
62.8188
57.9713
55.2777
49.4354
43.1419
41.1866
40.0864
33.0298
31.7978
69.8028
66.7339
64.3622
60.2532
55.099
53.4767
51.8369
46.1657
42.9997
41.6798
34.8043
32.7108
70.9729
67.8144
65.5227
61.1603
56.6339
54.1424
51.1887
45.0169
42.7271
41.5145
34.4015
32.9805
65.7556
62.423
60.595
56.0252
51.0758
49.146
54.805
49.2822
47.0464
45.6125
39.0066
37.0462
71.0204
68.6034
66.3511
62.3575
57.8871
55.1086
56.2519
50.813
48.4115
47.5133
41.2161
39.0658
70.9723
68.3412
66.1371
63.1802
58.9985
57.06
58.3228
53.2794
51.1809
49.8814
43.9092
41.8624
73.4114
70.5884
67.7791
64.0621
59.3303
56.7933
49.6026
43.3853
41.5642
40.0351
33.173
32.1885
108.124
110.492
105.714
102.082
102.564
97.6607
90.6135
89.8045
85.8592
78.4789
76.606
73.7063
113.514
116.14
110.978
107.647
108.686
103.33
86.5046
85.2717
81.6605
74.3914
72.0261
69.4939
105.394
107.392
102.995
98.9183
99.0793
94.7547
87.4454
86.2795
82.5128
75.2037
72.8543
70.122
105.27
106.927
102.896
98.6604
99.0726
94.7079
90.929
90.0371
85.9716
78.5304
76.5053
73.3841
102.283
104.215
100.182
96.2326
96.4378
92.3224
90.4531
89.5724
85.5502
78.4359
76.4342
73.3744
103.256
105.106
101.141
97.6081
98.0741
93.9638
84.1081
82.8581
79.5027
73.2115
70.7307
68.3101
92.4379
93.2311
90.4305
86.3563
86.0427
82.9208
89.598
88.8884
85.0775
78.9863
77.1496
74.1964
107.672
109.999
105.272
101.619
102.072
97.2297
87.7269
86.6824
83.008
75.8334
73.734
71.08
108.329
110.461
105.789
101.896
102.473
97.6853
89.3092
88.53
84.7744
77.9138
76.0744
73.3223
95.1884
96.7587
93.8014
90.9982
91.3646
88.4147
80.6391
79.2079
76.3293
70.1252
67.6554
65.6535
96.8999
97.9673
94.7326
90.5748
90.493
87.0634
83.0449
81.5021
78.2102
71.2656
68.6469
66.2087
102.731
104.706
100.63
96.7219
96.9667
92.8013
87.8703
86.7719
83.0025
76.0529
73.8583
71.0238
43.0786
39.4901
41.361
34.7208
30.2026
32.6752
28.2681
23.0878
25.6812
25.2245
19.1752
22.185
46.1222
42.8851
44.5155
38.4114
34.2506
36.1556
31.2999
26.3753
28.6786
28.6012
23.0281
25.5517
46.43
43.0965
44.5966
38.0831
34.3765
37.1391
31.7552
26.7193
28.7225
28.3463
22.747
25.0218
46.4578
43.1089
44.6195
37.784
34.0731
36.1694
31
25.4695
27.9066
26.8649
20.8566
23.8601
45.7813
42.355
43.9015
37.0612
32.4883
35.0134
29.315
23.9702
26.3594
25.6251
19.5351
22.2327
44.587
41.0722
42.8303
35.7706
31.3566
33.7041
27.9335
22.3543
25.1898
24.2478
18.5463
21.0633
87.4673
87.9847
85.425
80.3025
79.2706
76.8332
67.3882
65.4008
64.3183
60.5876
57.9762
57.3773
100.714
102.327
98.6031
94.8299
95.0574
91.2194
82.2292
80.8306
77.6633
71.508
68.8908
66.6404
98.3075
99.614
96.2636
92.6689
92.8996
89.1248
88.1236
87.2904
83.6203
77.6224
75.6675
72.8437
113.246
116.137
110.874
107.847
108.791
103.275
87.7269
86.6824
83.008
75.8334
73.734
71.08
103.978
105.703
101.452
97.1431
97.3514
93.0461
88.397
87.3229
83.5226
76.1237
73.9059
71.1971
106.287
108.37
103.888
99.8967
100.137
95.7137
91.5223
90.6899
86.5266
78.9436
76.9148
73.8194
106.388
108.143
104.011
99.8791
100.395
95.9089
87.5558
86.3849
82.6544
75.43
73.1527
70.3252
108.103
110.608
106.014
102.643
103.376
98.6133
90.685
89.824
85.7793
78.6507
76.6667
73.5868
95.8845
97.0555
93.7929
89.5928
89.381
86.065
84.8085
83.6145
80.1895
73.8489
71.4198
68.936
86.8204
87.1327
84.8671
80.3949
79.5835
77.0942
86.4105
85.4356
81.9309
76.0462
73.9567
71.2847
110.373
112.971
107.982
104.619
105.305
100.135
87.9516
86.9253
83.2296
76.0384
73.9564
71.2831
105.579
104.326
98.0161
97.6222
95.1438
88.1935
84.2742
79.5698
73.1404
69.649
63.643
58.7236
105.691
103.592
97.6588
96.8592
94.266
87.3127
74.3957
68.7945
63.627
60.1465
53.2573
49.3886
90.5724
88.1442
83.7771
81.2296
76.9702
71.8724
83.6027
78.97
72.7912
68.9498
62.9465
58.2966
106.431
105.837
99.5492
99.1828
96.5791
90.2433
84.1421
79.252
73.1052
68.9707
62.9001
57.8867
106.499
106.001
99.837
99.4526
97.0907
90.4584
88.3876
84.2858
77.7714
73.0789
67.7736
62.3934
99.189
97.4607
92.4608
90.9867
88.1873
83.1634
80.7949
76.4829
70.9143
67.2658
57.3763
91.7453
90.618
86.0977
83.8197
81.992
77.0242
76.4835
71.6605
66.9407
63.7987
58.4403
54.5485
112.756
112.116
105.163
105.598
103.721
95.9602
76.962
71.7268
66.0626
63.0579
56.5667
52.3438
108.659
106.762
100.575
100.101
97.7656
90.477
78.2495
73.5349
68.4295
64.816
58.8982
55.0299
82.9085
81.5515
79.0108
76.829
74.3357
71.3828
75.5999
71.1401
66.463
63.1662
57.5488
54.1479
98.2344
97.4447
92.3119
91.3267
88.7846
83.7058
81.0318
75.9109
70.0821
66.0874
59.8021
55.0895
106.766
106.291
100.102
99.7478
97.4093
90.7466
97.5782
94.2456
86.8623
81.6608
77.0879
70.9126
59.8048
56.11
55.5399
51.6415
47.0133
47.3213
41.9818
36.2512
35.9952
35.7723
29.4173
29.6505
71.9373
69.9588
67.2658
65.6322
63.3797
42.8298
36.6516
36.6535
36.5352
30.608
30.6852
59.3406
55.546
54.7306
43.1107
37.0389
36.1691
36.47
29.558
29.4383
58.4201
54.1688
53.5361
49.7286
45.2461
44.602
42.3647
35.9852
35.6356
35.0765
27.8426
28.0144
56.0687
51.9613
51.5092
47.0795
41.5757
41.215
41.8118
35.5623
35.1593
35.0165
28.0901
28.4765
58.4084
54.7567
54.0277
50.3867
45.5892
46.1797
40.947
34.3682
34.2015
33.8298
26.7345
26.7552
80.0909
77.5024
73.966
70.9057
66.5755
63.132
62.8942
58.8451
56.6508
54.4143
49.6725
48.057
103.165
101.712
96.3607
95.312
92.8533
87.4062
71.3449
66.3579
61.8153
58.8176
52.6848
49.2587
101.332
101.026
95.5551
94.2159
93.292
87.2111
75.9413
71.0801
66.4189
63.3144
57.9213
54.0837
110.103
109.231
102.513
102.646
100.542
93.0772
79.2218
74.1447
68.2386
65.0805
58.732
54.29
108.393
106.477
100.313
99.8095
97.4502
90.1914
77.3484
71.949
66.4574
62.7736
56.0582
51.8955
111.193
110.301
104.247
103.946
101.37
93.9306
78.5603
73.5323
67.8829
64.3594
58.01
53.8297
117.797
118.27
110.981
112.004
110.488
102.847
77.4919
72.1137
66.6685
62.9751
56.4662
52.1002
107.824
107.443
101.157
100.922
98.6776
91.8943
81.6458
77.0331
71.204
66.9226
61.1447
56.3853
98.9437
97.1999
92.2229
90.7151
87.8959
82.9002
81.3656
77.0969
71.4687
67.7825
62.2853
57.878
90.7129
89.5007
85.0859
82.7123
80.7921
75.9474
75.6702
70.7901
66.1582
63.0725
57.6622
53.8518
111.08
110.292
103.487
103.731
101.709
94.1344
76.6794
71.4248
65.7912
62.8059
56.2972
52.1021
134.112
136.806
127.431
128.219
126.963
116.844
106.773
104.018
95.864
91.012
86.9329
80.1946
132.576
134.159
126.67
127.604
126.308
116.16
109.492
106.994
98.4382
93.2102
89.1182
82.409
136.49
139.147
130.638
131.666
130.903
119.928
110.905
108.259
99.75
94.2047
90.1991
83.2419
132.311
134.355
127.062
127.85
126.927
116.918
115.709
113.722
104.646
98.7157
95.4346
88.0208
133.962
137.845
129.022
130.214
129.694
119.285
113.949
112.226
103.695
97.9002
95.2153
88.1926
121.867
124.544
116.899
117.1
116.149
107.831
114.156
112.513
104.133
98.2968
95.4425
88.4808
114.461
115.741
109.965
109.65
108.828
101.429
109.214
107.6
99.9232
94.5078
91.6366
85.2091
133.728
136.384
127.05
127.84
126.561
116.486
110.933
108.545
100.041
94.8926
91.2094
84.1411
133.73
135.427
127.835
128.87
127.648
117.366
110.324
108.618
100.402
95.4232
92.3231
85.8463
110.493
112.186
107.191
107.267
106.877
100.412
106.049
103.853
96.4634
91.3432
87.9381
81.9201
120.642
122.117
116.077
116.288
115.287
107.073
110.351
107.902
99.4006
93.5864
89.9029
82.9174
130.552
134.06
125.562
126.466
125.7
115.749
123.359
122.609
113.279
106.92
105.682
98.1175
100.777
102.93
98.6282
99.0195
98.2152
93.51
83.1139
80.9434
76.4326
73.7607
69.9396
66.5776
89.874
89.9642
87.6466
86.6297
85.5366
81.519
80.1104
77.7698
73.6998
70.9828
67.411
64.2765
96.835
97.6509
93.4194
94.804
93.4286
88.4669
81.8534
78.7013
74.1441
71.8876
67.4815
63.8539
98.4158
98.3378
95.9399
96.1635
95.2501
90.1206
100.362
98.7806
93.1127
88.7888
85.8404
81.4166
101.047
101.885
98.6543
99.0778
98.0634
93.0449
101.902
100.763
94.4918
90.3205
87.4979
82.675
101.548
102.169
99.5227
100.217
99.499
94.0715
82.722
79.7423
75.985
71.8553
68.3783
64.7818
127.408
130.583
122.395
123.053
122.078
112.557
97.5799
96.2754
90.8113
86.844
84.73
80.2141
130.981
134.583
126.024
127.036
126.861
117.395
105.455
103.168
95.4937
90.2712
86.6117
80.3594
119.212
120.923
114.701
114.835
114.379
106.445
107.638
105.896
98.3437
93.0236
90.0118
83.707
133.728
136.384
127.05
127.84
126.561
116.486
103.682
100.676
92.8008
88.1782
83.8315
77.3524
134.656
136.446
128.773
129.891
128.73
118.342
109.273
106.754
98.2246
93.0045
88.8902
82.2041
136.85
139.546
131.003
132.063
131.33
120.306
108.6
105.812
97.485
92.0909
87.8518
81.1135
134.479
136.739
129.255
130.219
129.454
119.195
116.326
114.397
105.258
99.3102
96.0799
88.6195
133.962
137.845
129.022
130.214
129.694
119.285
114.334
112.645
104.076
98.2554
95.6211
88.5719
119.118
121.533
114.178
114.152
112.994
105.033
108.371
106.286
98.3618
92.9251
89.5167
83.017
111.261
112.261
106.792
106.193
105.139
98.1097
107.838
106.112
98.5437
93.2113
90.217
83.8965
135.967
138.871
129.337
130.249
129.146
118.834
102.321
99.2086
91.4605
86.9412
82.4829
76.1213
117.744
120.164
114.204
111.041
111.319
105.036
100.233
99.0722
93.6022
85.3365
83.036
78.8937
122.311
125.475
119.061
116
116.842
110.156
97.2019
95.8344
90.5496
82.169
79.5801
75.6216
116.382
118.725
112.36
109.34
109.53
103.488
98.3742
97.1004
91.7051
83.0975
80.4797
76.3854
116.863
118.464
113.11
109.62
109.9
103.95
94.9479
93.4518
88.4565
80.1205
77.3453
73.5941
117.368
120.342
114.354
111.144
111.558
105.66
104.869
104.279
98.3933
89.6703
87.8207
83.2961
112.505
115.325
110.08
106.722
107.033
101.855
98.7497
97.8481
92.692
84.5278
82.4167
78.4717
112.636
115.246
109.972
106.826
107.802
102.807
94.2627
93.1996
88.6163
81.2917
79.0595
75.5342
123.528
126.552
120.074
117.603
118.441
111.498
92.5684
90.8645
86.1439
78.3876
75.509
72.0576
117.596
120.26
114.284
110.729
111.119
104.963
91.2106
89.7185
85.284
77.8387
75.2588
71.9957
99.1988
100.675
96.7444
94.3922
94.4939
90.7841
91.5643
90.1934
85.7889
78.29
75.7396
72.4759
103.703
104.559
100.498
96.5519
96.1796
91.7991
94.8104
93.2993
88.3052
79.9282
77.1317
73.3888
113.1
115.629
110.064
106.428
106.468
101.038
98.5271
97.4608
92.1908
83.7813
81.4274
77.4586
54.2888
51.3015
51.8595
45.5256
41.3353
42.9056
35.3134
29.8748
31.8455
29.8986
24.2673
26.2924
52.6097
49.5529
50.3236
44.0997
40.0054
41.6199
38.7802
33.6676
35.1044
33.8494
28.3161
29.8417
56.0889
52.9929
53.2391
47.1345
43.1251
44.3417
40.6609
36.1805
36.9803
34.7957
28.8197
30.1936
55.3615
52.1984
52.4885
45.9545
41.7716
42.9873
37.9089
33.1209
34.8433
32.2395
26.8101
27.8664
52.9186
49.5338
49.9645
43.353
38.8642
39.9724
35.5934
30.3064
31.9704
29.9204
23.5476
25.1455
53.1718
49.8276
50.3835
43.6601
39.1614
40.2847
36.5269
30.9649
32.5652
30.5834
24.492
26.0258
98.6938
99.796
95.7139
90.958
89.8736
86.058
75.7152
74.0264
71.8797
66.9264
64.3558
62.9538
114.406
117.434
112.006
108.844
109.329
103.944
95.4391
94.2659
89.4446
81.4854
79.1283
75.4808
106.791
108.814
104.115
100.427
100.823
96.4364
96.215
95.3139
90.5376
83.0825
80.9997
77.3015
113.189
115.162
109.637
106.074
105.965
100.219
95.5428
94.0422
89.0245
81.0549
78.3903
74.6672
114.939
117.329
111.607
107.806
107.955
102.101
95.2181
93.7059
88.6331
80.3812
77.6605
73.8727
117.426
119.871
113.396
110.489
110.772
104.613
93.1607
91.4954
86.6412
78.4048
75.4141
71.7989
115.593
117.091
111.847
108.234
108.402
102.591
97.8774
96.6123
91.3152
82.7721
80.2071
76.1924
111.609
113.986
108.57
104.797
104.711
99.4462
97.8795
96.7671
91.562
83.1901
80.788
76.8772
108.926
111.362
106.462
102.759
102.755
97.9681
93.5209
92.1955
87.5721
79.7429
77.25
73.7774
103.847
105.581
101.179
97.2538
97.3745
93.2979
95.0498
94.0515
89.3899
82.0117
79.839
76.2437
117.881
120.318
114.35
111.234
111.531
105.236
95.1225
93.5927
88.6165
80.6759
77.9802
74.2953
