98.1669
71.0648
97.917
105.364
121.229
99.5666
68.6955
96.6125
107.111
122.815
96.1032
66.65
91.9168
102.717
116.787
92.6982
63.2311
91.1232
99.4785
117.518
92.8458
59.3682
89.0354
99.5948
116.737
89.27
57.4881
83.6989
94.9904
108.469
87.6724
53.9797
78.0419
90.4995
103.111
86.7917
48.4618
73.4405
89.0139
100.772
83.2299
46.5032
68.3437
84.7016
93.4696
76.58
45.2668
64.8415
77.4088
88.7178
74.6668
39.041
59.0672
74.8584
84.9895
72.0913
37.8526
55.347
71.691
79.2933
106.412
69.726
106.19
119.185
136.018
108.169
66.6429
105.278
121.687
139.064
103.883
64.2436
99.3738
115.281
130.452
99.8261
59.9282
98.5979
112.374
131.403
100.17
54.9337
95.6741
112.855
130.616
95.6691
53.112
88.7299
106.6
119.706
84.1685
49.0067
73.4606
92.2418
103.445
82.8126
43.1077
68.1788
90.5808
100.508
79.4127
40.656
63.1674
85.8547
92.6808
72.3691
39.3628
59.8888
77.7494
87.5763
69.8444
32.4066
53.3973
74.7938
83.0178
67.4422
30.8631
49.8174
71.2939
76.8163
107.838
67.7586
109.716
119.002
129.511
109.428
64.3901
109.291
121.285
131.13
105.32
62.3354
102.868
115.331
124.019
101.401
57.704
102.973
112.059
124.622
102.025
52.8521
100.703
112.595
123.504
97.3738
50.7432
93.928
106.532
113.9
92.3085
47.8793
77.8882
95.2099
115.723
91.577
41.5302
72.6605
93.7726
113.763
87.3869
39.7128
67.1754
88.7498
104.753
79.8524
38.6759
63.3969
80.4229
98.7508
77.9502
31.3862
57.0002
77.6948
95.5122
74.7646
30.4093
52.6984
73.9476
88.2313
101.012
67.8606
102.928
112.054
134.284
102.73
64.7024
102.166
114.333
138.308
98.895
62.6626
96.4295
108.984
129.502
94.8032
58.2747
95.6725
105.223
130.771
94.95
53.4973
93.0611
105.283
130.241
90.9322
51.325
86.8495
99.9072
119.707
86.3925
57.527
77.0861
93.6481
110.991
85.4082
52.6238
72.6857
92.5447
109.493
81.9523
50.5211
67.9624
88.0248
101.879
75.7618
49.0895
64.2365
80.5911
96.6031
73.7713
43.2746
58.9785
78.371
94.5249
71.1705
41.5359
55.0614
75.0149
88.2479
81.5157
69.5416
79.6456
85.9844
89.501
81.8505
68.2131
78.6447
86.6878
90.163
80.4
67.3466
76.8074
84.6921
87.2489
78.2254
65.2004
75.2777
82.5232
86.8266
77.891
63.055
73.7859
82.2799
86.11
76.4347
62.0958
71.9281
80.3603
82.973
81.4586
54.1884
75.2631
92.5233
102.45
80.054
48.77
70.6881
91.2097
100.1
77.026
46.7467
65.7897
86.7561
92.8463
70.9997
45.827
62.5682
79.1043
87.8055
68.4152
39.5856
56.7854
76.6117
84.0881
66.2534
37.8373
53.1124
73.2906
78.1525
92.6156
65.5206
86.3644
100.921
109.155
93.5612
62.4522
84.7425
102.349
109.976
90.5585
60.8117
80.9031
98.3448
104.684
86.5785
57.1361
78.1141
94.2197
103.916
86.2162
52.5755
75.5567
94.114
102.838
83.1887
51.2088
71.3182
90.2553
95.9919
87.0881
56.4416
72.9648
94.8665
105.594
86.1777
51.2606
67.9702
93.8642
103.686
82.6041
49.3052
63.5888
89.2015
96.3277
76.6544
48.1359
60.6465
81.8375
91.1133
74.6302
42.0237
55.0891
79.6499
87.8975
71.8967
40.2536
51.5513
76.0982
81.8113
109.603
70.2119
112.039
116.963
136.928
112.166
67.0775
111.447
119.326
139.761
107.227
64.5768
104.553
113.479
130.36
103.785
60.5257
105.065
110.234
130.967
104.354
55.5497
102.989
110.434
130.047
99.2458
53.3655
95.3128
104.206
119.474
87.7272
50.0421
78.8941
93.2138
109.706
86.6822
43.8254
73.8089
91.5505
107.26
83.0126
41.9122
67.9529
86.7674
98.8165
75.8334
40.4636
64.7757
78.9638
93.7462
73.739
33.5934
58.4423
76.1229
89.903
71.0863
32.5905
54.0687
72.616
82.9868
