46
56
41
50
49
44
36
34
24
29
27
18
53
50
45
51
68
59
38
42
38
26
29
20
122
126
77
49
55
53
47
35
20
20
20
24
50
58
51
43
52
59
29
36
33
26
21
24
49
68
50
41
52
44
45
38
46
40
45
32
43
64
71
52
68
66
73
55
32
42
35
54
35
40
50
41
42
49
63
49
42
56
38
31
49
52
45
48
52
51
47
42
30
33
22
29
60
45
64
58
65
45
52
77
45
30
18
12
128
137
104
111
121
136
31
37
31
26
24
18
41
48
50
47
40
48
30
30
30
22
26
25
46
48
47
60
61
63
87
98
133
137
172
156
217
210
198
251
249
242
161
134
97
99
82
89
203
237
277
266
271
211
166
132
108
97
116
77
189
196
204
90
183
183
153
116
111
111
96
84
175
192
215
232
207
229
205
193
173
131
107
111
130
192
182
165
188
166
163
179
215
189
175
128
122
150
170
160
189
173
196
163
154
157
130
140
110
122
113
147
155
148
172
118
130
95
98
64
31
39
38
35
31
38
37
23
26
20
28
20
46
39
35
45
41
41
33
28
32
20
29
23
47
44
57
51
44
53
41
22
16
20
28
23
49
49
40
45
47
44
39
30
24
27
33
25
45
54
55
44
51
34
42
26
26
29
25
21
51
59
42
65
46
59
54
45
39
34
33
23
34
59
46
44
48
45
44
47
39
35
30
43
44
47
55
70
72
55
66
55
32
33
30
29
29
44
35
51
47
48
70
59
37
39
41
38
50
46
56
43
54
41
43
34
25
22
24
14
123
119
116
120
151
131
96
116
112
67
94
65
132
151
131
150
142
173
111
110
133
78
60
53
100
105
119
137
132
122
94
109
94
74
85
78
106
98
111
123
107
110
114
102
113
81
83
88
110
127
112
129
107
105
113
105
141
93
96
108
95
101
102
82
86
78
94
85
105
78
75
59
98
96
105
108
103
95
105
104
84
69
61
62
125
91
116
120
130
102
106
112
102
74
85
54
118
116
125
129
97
73
94
142
110
76
85
64
95
105
118
94
109
103
86
113
112
80
69
64
97
102
122
97
113
83
94
91
130
77
70
87
126
112
141
132
134
97
67
86
93
17
19
39
5
11
15
21
22
9
12
14
4
8
5
11
19
13
6
14
9
8
5
18
16
14
11
9
15
21
15
13
17
20
11
15
10
7
10
11
26
20
23
26
20
23
12
18
14
14
11
11
16
22
24
15
29
29
10
16
17
12
18
10
18
21
14
20
27
23
12
16
19
15
10
17
23
18
19
21
28
23
15
23
18
15
18
10
96
117
82
113
73
130
92
109
104
84
70
61
117
121
103
127
93
75
127
110
105
56
80
56
111
114
103
131
123
107
109
124
110
53
81
71
130
108
126
129
108
123
75
93
109
66
83
62
114
111
109
122
116
100
89
132
129
48
82
66
107
114
130
122
98
114
114
94
120
53
73
76
108
107
108
126
111
152
122
132
135
89
85
84
73
103
123
110
103
121
85
94
90
67
71
61
47
72
67
100
108
108
98
134
111
76
77
56
132
140
141
161
120
121
112
126
130
52
84
49
129
122
98
89
78
59
85
72
53
55
50
49
112
111
112
105
99
87
82
86
85
77
60
56
37
30
66
104
100
80
88
77
83
58
72
49
108
110
101
96
81
65
71
76
70
83
63
53
112
106
118
92
93
76
95
92
95
80
71
80
74
86
91
94
96
100
71
89
85
34
1
70
75
90
64
104
93
84
77
56
71
66
41
117
130
121
126
120
81
71
67
63
63
52
48
128
117
131
111
90
94
93
21
59
43
64
60
32
41
35
35
23
21
56
79
69
43
54
52
105
99
114
117
102
82
78
70
71
70
67
58
114
104
107
91
92
75
131
133
52
25
32
27
14
14
10
11
13
9
12
9
4
7
6
5
15
18
14
11
8
11
10
4
2
3
2
8
8
6
5
7
5
3
9
4
4
8
8
10
9
11
19
15
8
6
9
7
12
15
10
5
14
10
23
16
12
10
12
5
8
7
19
16
12
12
18
11
11
14
5
8
8
14
9
11
7
10
7
12
9
9
6
6
106
93
83
83
99
86
63
60
60
46
54
37
125
114
113
125
94
80
69
83
73
70
48
54
129
120
117
121
92
90
85
65
55
59
53
41
122
106
123
106
92
71
95
66
76
54
56
50
129
124
114
112
108
86
81
82
76
66
66
55
112
121
121
127
101
77
77
80
80
73
70
52
112
132
141
105
117
77
83
98
79
71
89
69
101
118
103
108
124
95
72
84
50
41
35
37
81
92
99
95
107
87
82
65
74
46
54
32
130
133
109
114
102
91
86
83
58
56
53
53
161
167
138
174
144
148
110
118
95
94
56
61
145
173
154
144
142
144
126
116
95
81
100
63
135
163
120
139
120
130
118
116
100
90
72
52
164
160
172
151
132
101
131
122
117
83
86
65
149
132
161
176
157
137
130
108
137
98
129
80
114
121
127
117
113
134
167
124
102
108
108
92
115
88
110
92
125
110
119
110
105
94
85
78
180
172
170
136
148
117
120
106
101
95
88
62
188
137
189
150
127
123
138
140
104
92
72
74
139
148
156
145
132
133
115
114
125
77
66
70
149
141
145
128
106
105
105
110
90
42
9
43
148
177
119
179
144
105
216
208
141
152
140
116
107
136
145
165
171
122
72
93
90
89
61
71
133
141
146
175
161
147
98
100
98
80
62
67
131
136
139
200
155
209
97
96
92
79
78
72
123
132
171
170
149
108
127
95
111
112
85
94
150
150
157
149
170
104
154
129
108
111
99
99
124
148
129
140
169
162
105
106
100
91
80
62
145
140
130
131
137
140
144
101
130
93
87
85
137
152
145
148
137
120
99
106
99
72
66
52
136
156
145
128
122
97
113
99
98
88
62
64
153
150
135
141
153
114
110
121
88
71
79
64
168
136
172
141
122
122
114
118
111
105
72
60
151
146
160
146
107
112
111
139
99
89
91
50
162
157
148
148
140
131
114
123
113
89
70
64
158
180
146
161
140
129
146
122
112
74
68
57
105
97
128
127
115
121
105
127
104
82
70
62
85
114
102
105
94
72
132
116
120
105
93
80
175
182
180
138
150
117
140
132
113
90
93
65
118
168
161
145
125
116
86
85
91
73
78
77
154
209
210
191
222
174
84
86
106
90
84
88
126
122
149
131
83
78
77
94
95
67
75
68
121
127
136
116
110
96
78
86
78
54
53
99
118
135
154
134
137
96
86
110
121
100
95
96
122
113
107
115
128
124
87
88
87
57
77
66
112
111
120
108
140
102
118
84
82
75
88
71
138
164
150
145
113
104
85
90
82
91
55
70
96
118
144
117
109
94
76
73
82
83
81
83
110
132
131
143
132
84
86
73
76
68
56
59
103
105
123
130
111
121
96
107
111
76
68
56
113
121
147
116
131
120
73
111
116
32
45
26
18
12
17
15
8
16
11
12
6
11
6
6
13
14
8
24
20
13
7
18
9
8
15
5
15
16
20
19
23
17
14
9
7
12
20
11
15
20
35
26
25
23
8
7
18
15
11
7
20
22
24
35
34
20
8
16
12
10
5
9
21
18
25
28
19
28
17
10
16
12
12
3
19
32
19
32
32
28
12
14
16
13
13
12
128
129
142
132
127
101
87
88
89
61
71
81
112
109
105
109
102
82
76
91
93
70
80
73
124
99
138
120
109
95
79
94
117
63
64
72
116
111
129
118
115
92
98
89
118
78
76
75
99
114
137
109
114
107
99
88
90
88
59
99
119
115
131
112
118
94
88
96
105
87
80
75
99
134
127
125
100
105
112
107
128
125
67
38
80
80
121
90
97
105
104
87
87
92
85
82
85
80
86
107
90
98
100
108
100
88
109
82
123
147
150
136
137
106
80
82
84
79
86
80
