50.9888
63.682
51.5191
45.154
61.6933
53.9025
57.0407
45.128
29.2391
28.9282
27.8204
14.3369
42.6595
55.4449
41.7728
37.9721
37.3578
47.3024
45.441
36.8277
32.8078
39.713
54.0512
27.2253
43.8675
59.8255
43.7009
42.3814
59.4414
46.6054
40.9629
27.0677
21.4759
20.295
16.3001
22.8474
43.2876
49.6153
44.1886
51.1779
39.7396
56.1624
74.8729
71.3812
55.2341
65.3329
53.2752
27.0315
32.9276
47.4575
37.0161
41.3126
61.39
31.9977
58.9749
59.2553
47.5321
55.5347
25.3411
29.2477
27.5693
25.9295
27.9282
27.9541
18.7334
16.899
52.4424
51.2975
43.5807
43.5583
35.6294
39.9726
53.6177
60.9774
51.5104
50.142
58.5954
52.3598
43.9757
37.7337
30.6904
24.2186
23.6067
20.603
120.32
125.338
121.696
139.28
130.11
119.961
106.089
99.9555
92.6053
69.4338
49.1717
62.7503
127.428
112.48
110.626
125.16
101.015
108.368
82.0692
87.943
82.836
63.2762
68.0348
63.0988
124.553
116.065
109.132
124.419
97.0655
97.2847
102.809
96.8436
94.6638
73.4511
60.0618
61.7326
116.218
105.183
101.828
111.751
87.9032
92.4455
110.076
109.694
100.345
76.1026
56.2278
63.1477
75.4521
74.1916
76.8102
74.9084
102.067
55.9773
86.6001
101.459
97.8719
72.5839
67.275
62.2049
71.5026
55.56
55.4336
47.0516
64.7802
36.229
107.373
112.287
101.51
72.8497
64.8693
60.8626
133.259
127.551
115.142
144.908
141.019
122.082
104.566
109.435
116.116
66.8825
49.6282
65.144
117.563
117.83
110.953
113.309
97.2047
77.5641
64.2363
54.367
52.9437
56.0386
52.392
56.7519
118.397
117.527
102.851
119.866
103.869
82.9303
47.1569
48.6624
49.9489
42.013
34.8227
41.9107
130.317
128.281
117.551
110.179
107.804
82.7484
69.1846
64.4271
62.8078
57.1069
51.2778
55.3008
116.946
120.117
113.427
114.142
90.6237
104.074
87.4436
92.5957
89.5741
64.15
60.5685
84.3945
70.7011
80.6606
75.076
62.0002
91.4267
84.4413
67.3556
70.0388
56.7648
59.383
52.3444
51.7095
48.8288
62.7833
49.0833
53.6657
50.1459
67.6809
64.502
62.9261
59.8569
50.3452
52.8689
37.9897
134.377
131.444
109.972
120.453
112.075
91.0132
73.888
72.9989
60.1523
55.8023
51.1062
44.1347
159.479
157.692
141.632
149.284
132.449
132.163
116.053
117.537
114.407
82.5533
72.0335
66.2915
157.538
154.85
127.231
150.349
142.079
117.442
98.9008
108.121
105.088
77.7233
72.9629
67.8469
138.724
140.922
121.529
137.496
135.99
109.925
118.919
122.738
113.943
86.2234
63.5897
72.9081
157.403
153.337
123.511
143.817
133.439
121.367
147.346
140.814
115.005
100.837
93.9313
76.5352
106.945
100.392
96.2898
107.19
86.7345
76.1128
109.741
117.865
107.423
76.8441
54.2538
66.6052
104.767
92.2546
93.0357
99.5103
65.6086
80.7904
115.863
114.339
104.339
83.6842
57.9336
68.6204
183.104
209.825
188.557
171.993
145.035
118.771
112.552
105.057
100.048
94.5839
81.5652
80.0232
115.95
113.329
111.696
107.626
86.2619
88.907
85.0299
92.2087
88.8862
62.4895
62.6159
71.5553
119.556
126.945
114.273
106.729
142.405
122.228
79.8267
86.0999
77.9967
73.2392
60.3377
83.3596
110.661
92.1918
109.809
122.489
161.347
85.5461
83.8453
91.6754
86.7496
73.2973
67.0893
93.3123
112.516
98.9947
101.2
99.7822
57.9307
83.1492
86.9023
96.9061
86.3624
73.8475
70.2807
75.2458
77.0024
88.601
70.7083
59.5108
89.9788
57.902
94.6033
88.6935
79.1053
61.157
55.3723
63.3124
69.372
75.3187
63.8316
65.434
55.9454
48.9085
91.7912
93.8025
84.5146
50.2924
63.4723
72.9026
118.439
119.14
115.124
122.285
98.8067
99.7493
81.6144
92.2571
83.4911
67.3088
84.4161
68.4455