45.8225
37.8763
42.9707
47.556
60.8147
70.0548
51.0306
36.1682
36.5501
33.6734
35.9657
20.5402
38.9583
41.5205
48.9127
50.6806
54.6285
35.8885
27.9083
25.8356
28.5075
23.5848
27.7544
26.4196
39.351
42.7542
43.371
53.1202
53.8097
58.7139
30.169
19.9648
27.9921
24.4194
34.0613
27.1045
41.029
47.4319
49.6514
57.2116
60.3922
49.7026
64.732
58.4523
48.049
43.9039
36.9636
57.8134
26.566
35.0502
44.1787
46.4704
45.3882
49.3306
47.6364
46.9189
34.9029
35.6629
30.9967
42.979
24.4412
26.5887
38.6827
40.1502
33.8388
36.6516
59.4005
50.2158
32.4442
44.5673
34.7968
37.1334
44.5677
37.986
51.4485
40.1893
47.8096
55.1053
38.9051
30.1047
32.1763
28.3253
27.3757
22.5994
118.779
113.591
143.879
121.66
116.988
130.885
101.854
107.581
110.455
78.4257
81.0694
55.9357
112.356
110.748
125.769
109.271
105.274
99.5813
78.9001
88.8866
95.391
67.2342
72.4739
51.353
115.1
113.478
132.826
110.252
105.327
97.8844
97.6023
100.579
107.633
75.2512
86.1527
57.9299
106.047
99.7217
123.404
113.489
116.163
103.095
101.353
105.69
116.629
76.2409
92.8906
74.2043
67.9904
62.1016
89.3645
72.2756
85.9459
83.7931
84.0669
91.0368
97.8589
70.3834
79.8929
51.7946
67.3593
47.2122
77.6514
79.6324
93.0464
84.317
105.265
107.081
102.492
71.6632
85.5637
57.2809
130.094
127.472
126.572
124.528
127.104
112.088
99.5487
104.376
110.957
67.0301
81.444
71.2673
116.932
107.225
132.293
96.7294
92.2468
83.0672
69.9347
50.5286
69.737
59.2719
57.3166
57.7486
109.156
109.103
105.889
94.7145
97.2141
73.8285
56.4323
48.9391
63.3118
47.537
47.9265
48.8274
114.469
107.428
121.061
118.978
96.6299
77.8713
67.0335
59.7207
71.8006
57.798
55.8307
51.9441
98.8091
93.1735
121.177
102.075
107.243
80.5322
79.6394
76.7382
84.1556
62.0618
66.7597
60.4346
53.802
59.5865
84.7606
68.1075
97.1904
102.872
63.8441
63.5285
66.3903
55.7759
51.2373
47.1222
41.9276
38.6863
64.6268
70.6474
71.4813
68.3696
63.6401
57.9506
65.1638
52.8545
55.6073
43.812
131.912
129.637
123.566
107.232
110.595
81.4616
75.0248
67.0542
68.2185
59.3837
56.2487
44.9364
168.126
164.533
194.806
157.298
141.598
136.963
110.891
100.366
111.459
81.2197
80.6829
66.5033
150.693
158.021
155.646
148.505
142.223
123.76
95.9928
98.2011
97.1296
81.3039
75.6079
53.5105
136.275
134.811
147.491
121.436
118.711
112.451
118.296
116.982
107.786
76.728
82.4239
71.0279
154.081
158.161
167.102
155.695
155.637
129.162
142.144
126.109
119.291
93.0866
86.8486
70.4177
96.3283
91.1632
111.001
98.0275
96.3248
122.529
101.116
93.534
97.0715
77.8393
70.5231
60.0442
93.1717
79.7095
98.8074
98.8259
107.774
74.519
115.707
101.583
105.328
81.1167
83.7932
66.8665
170.285
179.416
174.8
155.672
150.076
129.259
110.075
103.193
97.1166
91.0575
84.1904
70.0744
117.499
112.896
125.612
120.204
131.256
101.749
84.7527
84.1847
101.431
73.4475
76.7255
78.4809
108.294
109.5
134.697
113.387
122.829
99.4381
76.6205
79.1842
88.8174
72.518
69.5628
84.9963
102.491
106.705
129.465
122.165
122.814
99.567
81.3323
82.8787
96.4673
77.0801
71.5888
97.1529
102.121
103.185
123.376
113.1
107.714
102.483
86.6935
84.6229
103.013
68.2074
66.393
56.5352
70.1012
66.5815
86.8284
103.303
109.96
93.0298
79.6924
82.7875
95.4809
70.823
62.7142
57.9617
69.946
65.1917
82.0831
95.1128
89.6506
92.4752
94.2184
90.463
95.3582
84.1288
89.382
85.405
121.579
125.969
157.206
123.663
114.359
99.2757
83.5934
89.4656
96.4219
73.6274
66.1764
77.0282