53.9541
50.3302
37.8201
58.5682
58.831
51.4956
59.9617
42.8914
34.2835
36.1201
29.2022
23.7073
33.7312
44.1717
40.7794
47.7338
42.4945
26.8081
27.0491
19.6354
17.0912
13.6347
25.5632
18.0418
48.7282
42.224
47.2165
60.2838
48.401
51.1067
34.568
20.5732
18.4547
16.5701
28.5895
14.3286
39.5332
49.2186
36.8845
57.9107
53.4205
50.356
65.9092
60.5301
41.4015
54.6023
36.8024
27.3843
25.3724
36.8692
38.4621
53.233
44.1798
42.0571
50.3549
42.6075
27.57
30.3597
25.8789
25.5556
18.5345
34.4812
34.6026
51.7428
26.6061
33.803
65.6774
48.2361
35.2189
43.5264
31.3704
21.1285
48.1861
48.289
43.1041
49.0959
52.0783
41.8858
43.1006
30.8061
23.06
24.4267
16.7514
10.3026
119.392
114.131
117.976
123.859
103.06
118.11
97.3092
102.757
105.269
57.4884
79.2759
62.8415
115.537
116.71
108.236
107.647
96.7344
117.854
84.8173
81.0949
92.884
52.3285
68.0615
57.0199
115.618
112.471
114.433
113.756
102.057
116.475
117.657
100.126
101.283
62.2134
80.2407
52.1371
107.651
107.308
103.85
119.277
111.788
102.665
111.856
102.272
110.298
60.6303
79.3844
67.0623
74.0749
76.6402
77.9527
63.5756
88.0337
68.9697
93.9803
85.0129
93.311
58.3358
75.054
62.2232
69.1248
65.8066
57.6132
68.1772
85.1445
57.87
105.668
105.645
99.4911
62.7036
78.9001
45.905
129.636
130.54
107.948
129.343
118.107
130.788
101.054
106.155
104.301
62.4145
79.5929
57.2646
117.719
100.642
108.543
109.349
92.8332
77.9865
79.0173
47.4597
59.6657
49.3886
60.3055
51.0402
113.896
104.678
92.9789
90.8101
89.7979
70.9404
57.0454
43.1539
48.7554
34.4527
44.1276
45.3776
116.946
97.4271
105.361
110.329
94.5748
72.0148
66.5582
53.2929
59.1757
43.1401
54.422
49.6228
95.4178
90.0281
98.7772
99.1862
87.503
53.1775
80.7185
77.5647
70.449
47.7079
65.1954
54.7822
54.9869
50.8906
80.4053
68.2785
79.5488
105.38
73.2319
61.8869
51.5243
41.2152
54.4378
47.7474
42.5537
38.2369
57.8042
87.8489
70.861
80.2387
61.7862
55.0213
47.5882
42.2623
51.5282
37.4155
128.882
119.034
102.782
103.568
107.558
72.3561
74.6568
64.6241
56.7841
44.1369
57.2583
41.7294
164.535
164.043
160.929
164.751
138.599
132.893
114.894
103.512
93.3323
72.5354
71.8717
59.3931
156.252
157.243
134.393
138.305
135.839
120.466
93.5351
96.2344
88.0506
64.6183
68.1335
52.1593
144.754
131.172
128.919
126.843
120.695
103.846
124.373
117.282
88.1252
97.0082
79.538
66.072
151.097
151.979
143.283
149.6
154.713
130.294
167.695
122.367
97.9863
68.371
92.4949
61.2016
106.279
99.3456
96.8997
98.1521
88.6055
109.482
102.179
101.528
83.5236
65.3958
70.3061
52.0841
95.1152
83.4574
91.559
98.5694
87.4368
74.5802
114.326
96.9296
87.4369
66.2455
75.934
58.11
162.439
186.378
149.335
170.662
151.42
95.1891
111.16
81.894
78.5762
65.6366
86.8417
65.2171
117.026
105.377
138.146
130.415
111.585
108.089
85.7541
88.1474
93.351
71.1677
69.7835
71.7765
111.176
109.191
126.517
137.933
123.554
93.8722
80.1234
78.2052
82.4626
60.8513
67.7547
76.5811
106.538
100.293
128.426
136.67
123.083
99.7238
82.563
79.6632
87.4845
62.8568
69.9483
86.096
98.1458
104.672
121.059
121.048
102.695
92.4786
89.4432
78.1732
87.1779
55.6756
67.9693
57.4601
77.4988
92.2557
86.7518
125.648
95.2041
88.1848
84.5402
88.2116
81.7552
59.1801
68.4873
69.1017
66.7923
71.9716
76.4601
111.429
87.2855
66.7404
104.407
77.0148
81.1721
58.7589
80.1838
78.3425
123.226
117.122
134.08
115.856
108.677
103.154
89.6729
87.8922
88.1642
64.2668
73.8935
85.2598