45.8829
50.0417
47.7107
47.7688
51.8054
46.4633
44.187
54.3239
25.7966
29.935
24.3422
17.0615
41.4483
51.8804
56.0742
49.808
54.651
49.2805
42.8991
36.0397
35.6042
32.5015
23.1557
23.5177
45.0789
54.3924
57.8707
46.9008
48.3791
50.6498
43.0959
47.9886
37.7104
26.5771
23.1945
17.4368
35.1342
55.9821
54.1011
47.4813
57.6573
46.2705
47.3359
55.7004
47.0899
45.5669
38.0186
36.2099
32.7878
40.656
52.3276
37.245
48.4978
44.2687
46.5135
38.3055
28.5856
25.2526
23.0357
22.6683
59.5426
74.5807
56.7715
69.4783
84.0726
56.7263
124.947
109.161
81.5084
78.5481
89.6304
53.3231
134.745
103.657
104.38
85.7285
110.696
108.166
96.3647
60.6632
73.4544
48.8921
56.506
62.0203
119.072
124.216
125.872
131.028
115.046
122.83
102.347
117.374
130.944
77.9603
78.1806
48.8292
107.213
98.079
112.196
118.865
116.553
106.885
98.4494
113.337
133.532
67.6616
84.2376
74.6609
107.185
100.47
116.664
115.142
110.383
106.985
96.7537
96.6533
126.853
59.586
76.5165
77.666
119.175
112.474
116.252
130.743
123.075
119.783
108.247
115.471
141.72
82.7328
98.2512
95.9995
93.5039
95.9024
95.1586
101.984
84.6571
119.224
98.7738
92.4677
109.456
63.1143
66.1859
67.4109
89.3061
90.9375
99.7094
107.939
104.775
113.455
110.19
107.576
112.634
70.7459
71.7884
57.485
126.728
102.025
114.699
121.365
127.303
105.812
105.092
101.675
113.007
58.8229
71.8921
63.1786
117.88
105.599
112.042
101.041
90.802
70.6943
82.1193
69.2738
70.1484
58.4311
63.7014
39.7629
109.02
103.36
100.12
104.549
89.1211
80.0017
84.1546
72.9195
74.1306
61.7496
58.1443
52.7417
108.099
106.897
105.35
114.084
91.2449
74.144
75.1536
64.6435
69.1734
66.3697
57.383
45.6774
104.394
112.724
109.774
107.692
100.599
81.4907
93.374
88.5024
77.4039
49.1063
67.155
61.0741
72.5578
80.647
84.4127
83.4213
96.4693
93.4918
77.2432
76.257
59.4404
45.8013
54.8182
25.0663
18.2989
24.2955
22.1686
24.4562
37.1311
40.4201
29.3147
28.5117
46.1877
5.73229
27.0622
23.2149
46.4147
45.1871
79.2173
89.4935
70.6932
72.0985
22.1013
19.6525
31.0003
11.5081
17.8509
21.3815
160.078
150.953
156.522
152.001
134.675
120.589
115.62
118.997
108.816
92.8027
91.6029
51.3139
148.624
151.375
138.624
145.865
124.698
125.002
109.986
124.988
109.514
89.7327
75.5599
64.129
149.728
146.702
137.362
142.409
123.014
113.366
104.463
110.617
101.599
67.1903
68.897
52.8948
156.703
151.846
136.717
158.337
141.595
124.043
124.424
129.184
121.992
91.5694
99.2596
70.9954
108.271
98.314
106.858
120.935
110.731
115.333
91.1064
98.4328
92.1901
73.108
80.7364
37.4533
104.902
117.61
104.374
104.186
120.77
91.5604
120.558
102.873
102.106
81.0348
97.3786
65.4204
177.216
168.257
153.857
161.052
154.49
124.535
109.066
104.468
96.6665
82.0612
71.5955
60.7765
113.557
108.081
135.017
123.444
115.287
108.093
86.4226
90.0455
113.568
82.2468
75.313
79.6716
105.701
110.955
132.886
129.321
111.243
85.0643
94.3909
95.4456
102.342
83.0669
69.6408
96.6253
113.693
119.18
134.058
124.2
113.321
105.916
93.7198
96.1619
109.741
76.4784
76.3258
82.8173
94.6409
118.591
119.355
118.941
113.749
95.8144
86.2516
90.488
97.2651
79.5093
70.1797
52.1872
88.8579
82.4236
108.087
101.858
97.0309
90.5985
75.5471
80.4857
84.0414
72.4926
71.7111
73.4702
87.1354
87.1656
88.9232
106.207
93.2159
95.1032
108.877
96.199
98.8585
82.7141
95.3891
62.4612
130.008
147.84
155.126
136.577
119.388
103.387
73.3651
78.2357
80.2827
72.4135
60.0169
72.3685